X = [
    0.000000000     0.050000000
    0.000000000     0.066666667
    0.018750000     0.050000000
    0.019227342     0.066928605
    0.000000000     0.083333333
    0.019193333     0.083737944
    0.037500000     0.050000000
    0.038441872     0.067055938
    0.039110063     0.083905547
    0.000000000     0.100000000
    0.020000000     0.100000000
    0.040000000     0.100000000
    0.056250000     0.050000000
    0.057621499     0.067033633
    0.059039563     0.083887937
    0.060000000     0.100000000
    0.075000000     0.050000000
    0.076964113     0.066962207
    0.078617922     0.083696844
    0.080000000     0.100000000
    0.093750000     0.050000000
    0.096117832     0.066888019
    0.098246381     0.083546379
    0.100000000     0.100000000
    0.112500000     0.050000000
    0.115441937     0.066788796
    0.118088626     0.083443969
    0.120000000     0.100000000
    0.131250000     0.050000000
    0.134759300     0.066512401
    0.138009277     0.083095338
    0.140000000     0.100000000
    0.150000000     0.050000000
    0.153370432     0.064452960
    0.158551273     0.081807502
    0.160000000     0.100000000
    0.169134172     0.046193977
    0.174641899     0.060758469
    0.179763216     0.078861878
    0.180000000     0.100000000
    0.185355339     0.035355339
    0.198989844     0.049908358
    0.200432458     0.075830007
    0.200000000     0.100000000
    0.196193977     0.019134172
    0.211998912     0.022961913
    0.232137242     0.026479721
    0.219060649     0.077241945
    0.228306187     0.055154293
    0.220000000     0.100000000
    0.200000000     0.000000000
    0.220000000     0.000000000
    0.240000000     0.000000000
    0.260000000     0.000000000
    0.254397982     0.042313711
    0.254553502     0.022933134
    0.240000000     0.100000000
    0.240713145     0.065236769
    0.238531229     0.080037544
    0.253553797     0.060233858
    0.280000000     0.000000000
    0.277821996     0.020774760
    0.277155103     0.040533537
    0.277663872     0.060070419
    0.260000000     0.100000000
    0.258972756     0.080738738
    0.277210818     0.079166856
    0.300000000     0.000000000
    0.300000000     0.020000000
    0.300000000     0.040000000
    0.300000000     0.060000000
    0.300000000     0.080000000
    0.280000000     0.100000000
    0.300000000     0.100000000
];

IX = [
    55     49     47     56
    47     49     42     46
     4      8      9      6
     4      6      5      2
     6     11     10      5
     6      9     12     11
    55     60     58     49
    49     48     43     42
    58     59     48     49
    60     66     59     58
    60     64     67     66
    55     63     64     60
    56     62     63     55
    43     39     38     42
    39     35     34     38
    35     31     30     34
    35     36     32     31
    39     40     36     35
    64     71     72     67
    63     70     71     64
    62     69     70     63
    31     27     26     30
    27     23     22     26
    23     19     18     22
    19     15     14     18
    15      9      8     14
    15     16     12      9
    19     20     16     15
    56     54     61     62
    47     53     54     56
    46     52     53     47
    27     28     24     23
    23     24     20     19
    31     32     28     27
    48     50     44     43
    43     44     40     39
    66     65     57     59
    59     57     50     48
    62     61     68     69
    72     74     73     67
    67     73     65     66
    38     37     41     42
    42     41     45     46
    46     45     51     52
    34     33     37     38
    18     17     21     22
    14     13     17     18
    26     25     29     30
    30     29     33     34
    22     21     25     26
     8      7     13     14
     8      4      3      7
     4      2      1      3
];
plotval = [
        45907168.665601015090942
        39492999.274371065199375
         9883598.084501069039106
         4752279.654658487066627
         6484153.418364384211600
        10529640.199948096647859
        50125480.363845914602280
        45013289.023509554564953
        58806434.027179755270481
        54728227.143661707639694
        42985222.469656832516193
        47319467.140177652239799
        43077929.954336978495121
        24246136.138553019613028
        33956073.373020447790623
        42679430.946564227342606
       105983349.923895806074142
       112452965.800738647580147
        20949543.095651172101498
        35430883.721182890236378
        48702808.031844921410084
        40238443.719168029725552
        34017693.152890674769878
        27982283.580485131591558
        21925610.858222592622042
        15877792.909306075423956
        18469106.859350733458996
        30288600.556629236787558
        33634277.493227854371071
        26638054.176145508885384
        46218785.917919881641865
        64855937.833300985395908
        45741892.388856790959835
        87321937.222043633460999
        91158590.597280263900757
       105382904.989559561014175
        48770163.851413235068321
        72068663.182081982493401
        57421854.426756888628006
         8918044.584334935992956
        26524911.258437700569630
       121313476.451884508132935
       112148116.062619566917419
       117759094.764016419649124
       127787964.942149087786674
        37831008.935256287455559
        24086011.392606195062399
        75132078.061472013592720
       103895562.959159210324287
        54645812.803954333066940
        13753033.538537451997399
         6489316.771857918240130
         1725489.939706185366958
];
