X = [
    0.000000000     0.075000000
    0.000000000     0.100000000
    0.000000000     0.050000000
    0.025000000     0.100000000
    0.025000000     0.050000000
    0.025063256     0.074999998
    0.050000000     0.100000000
    0.050253023     0.075000387
    0.050000000     0.050000000
    0.075000000     0.100000000
    0.075286410     0.074998952
    0.075000000     0.050000000
    0.100000000     0.100000000
    0.100325090     0.074998364
    0.100000000     0.050000000
    0.125000000     0.100000000
    0.125161183     0.074988853
    0.125000000     0.050000000
    0.150000000     0.100000000
    0.150623039     0.072604297
    0.150000000     0.050000000
    0.175000000     0.100000000
    0.181120453     0.069796736
    0.169134172     0.046193977
    0.200000000     0.100000000
    0.199633838     0.081664943
    0.185355339     0.035355339
    0.215930336     0.075180690
    0.208353781     0.051300969
    0.225000000     0.100000000
    0.196193977     0.019134172
    0.217646153     0.023865826
    0.250000000     0.100000000
    0.244626735     0.074559593
    0.242427713     0.050357156
    0.244759816     0.026085299
    0.200000000     0.000000000
    0.225000000     0.000000000
    0.250000000     0.000000000
    0.275000000     0.100000000
    0.272767600     0.074878173
    0.271909558     0.050293346
    0.272668497     0.025535470
    0.275000000     0.000000000
    0.300000000     0.100000000
    0.300000000     0.075000000
    0.300000000     0.050000000
    0.300000000     0.025000000
    0.300000000     0.000000000
];

IX = [
    28     26     23     29
    29     35     34     28
    35     42     41     34
    35     36     43     42
    29     32     36     35
     4      2      1      6
     6      8      7      4
     1      3      5      6
     6      5      9      8
     9     12     11      8
    11     10      7      8
    12     15     14     11
    14     13     10     11
    15     18     17     14
    17     16     13     14
    18     21     20     17
    20     19     16     17
    23     22     19     20
    26     25     22     23
    28     30     25     26
    34     33     30     28
    41     40     33     34
    41     46     45     40
    42     47     46     41
    43     48     47     42
    43     44     49     48
    36     39     44     43
    32     38     39     36
    23     24     27     29
    29     27     31     32
    32     31     37     38
    20     21     24     23
];
plotval = [
        42889698.724347993731499
        54207949.145094119012356
        50105154.307340733706951
        48017697.938125364482403
        44179978.733075968921185
         8285981.103683160617948
        15152442.114161105826497
         3311147.180620202329010
        10651819.265417587012053
        23241520.529242198914289
        27825577.540042392909527
        41630782.267744019627571
        46221981.835023976862431
        66441445.242990337312222
        70859145.401694312691689
        98075697.575848415493965
        97508043.843989357352257
       108419903.842581436038017
       152708045.914789259433746
       133066402.343387648463249
        80465764.141574963927269
        44436259.301402904093266
        13411685.533664928749204
        31718394.941436242312193
        56680474.156379327178001
        74197113.500836491584778
        39467829.815822787582874
        44688502.858861081302166
       102449129.124381884932518
       114238794.891575008630753
       140435709.748339235782623
       100473156.868829891085625
];
