X = [
    0.000000000     0.075000000
    0.000000000     0.100000000
    0.000000000     0.050000000
    0.025000000     0.100000000
    0.025000000     0.050000000
    0.025063256     0.074999998
    0.050000000     0.100000000
    0.050253023     0.075000387
    0.050000000     0.050000000
    0.075000000     0.100000000
    0.075286410     0.074998952
    0.075000000     0.050000000
    0.100000000     0.100000000
    0.100325090     0.074998364
    0.100000000     0.050000000
    0.125000000     0.100000000
    0.125161183     0.074988853
    0.125000000     0.050000000
    0.150000000     0.100000000
    0.150623039     0.072604297
    0.150000000     0.050000000
    0.175000000     0.100000000
    0.181120453     0.069796736
    0.169134172     0.046193977
    0.200000000     0.100000000
    0.199633838     0.081664943
    0.185355339     0.035355339
    0.215930336     0.075180690
    0.208353781     0.051300969
    0.225000000     0.100000000
    0.196193977     0.019134172
    0.217646153     0.023865826
    0.250000000     0.100000000
    0.244626735     0.074559593
    0.242427713     0.050357156
    0.244759816     0.026085299
    0.200000000     0.000000000
    0.225000000     0.000000000
    0.250000000     0.000000000
    0.275000000     0.100000000
    0.272767600     0.074878173
    0.271909558     0.050293346
    0.272668497     0.025535470
    0.275000000     0.000000000
    0.300000000     0.100000000
    0.300000000     0.075000000
    0.300000000     0.050000000
    0.300000000     0.025000000
    0.300000000     0.000000000
];

IX = [
    28     26     23     29
    29     35     34     28
    35     42     41     34
    35     36     43     42
    29     32     36     35
     4      2      1      6
     6      8      7      4
     1      3      5      6
     6      5      9      8
     9     12     11      8
    11     10      7      8
    12     15     14     11
    14     13     10     11
    15     18     17     14
    17     16     13     14
    18     21     20     17
    20     19     16     17
    23     22     19     20
    26     25     22     23
    28     30     25     26
    34     33     30     28
    41     40     33     34
    41     46     45     40
    42     47     46     41
    43     48     47     42
    43     44     49     48
    36     39     44     43
    32     38     39     36
    23     24     27     29
    29     27     31     32
    32     31     37     38
    20     21     24     23
];
vect = [
   9821385.3814297654       -25552292.219247524       0.20530154431144340     
   25556132.848667324       -35081490.182738662       0.67188616707865212     
   32949421.298568197       -24496466.655227616       0.76760312022566579     
   24079574.990964111       -28009310.199416954       0.96954533469204485     
  -13541737.807418827       -41387205.978809595       0.74680225913233711     
   1326851.1869196850       -5450609.4695843682      -0.25050099054664449     
   7206978.3453060687       -6964437.5612593088      -0.38062044952887347     
   462875.35558225354       -2838721.0003681174      -0.70093472065307383     
   1864190.7202907056       -8608835.1701078732      -0.96888136297230820     
   2511787.0630954765       -17997023.542342540       -1.1112845305780630     
   16975294.850627687       -8010607.5438308222      -0.35461878390294804     
   2825892.4712892342       -31372708.708196990       -1.2056274065402577     
   30655917.690772891       -8532451.1923190579      -0.31000367797511713     
   3486160.8967042752       -48772065.629669905       -1.2818973687597846     
   48721969.357212812       -8884791.3409652077      -0.27404768201965707     
  -408288.79827053845       -74254627.888330922       -1.3000470250455425     
   66566399.708330378       -10647328.047510292      -0.22581945873390033     
   70615568.890207306       -12515830.751150634       -8.2732394816067326E-002
   96324574.421808720       -22069470.780559458        6.9863619880153965E-002
   90558781.231772050       -11640992.254822493       0.16073247947674099     
   55037337.738793135       -10907661.683432098       0.28175920981487546     
   31072406.258551721       -10559211.634387176       0.45722269128289889     
   8585218.8236887883       -5209199.7847926095       0.53877446764264469     
   24217497.093324490       -7257454.9507671595        1.0035953025344413     
   39739604.563931748       -6710366.3111256473        1.2701222756710104     
   50849638.240823194       -4724774.8101837225        1.4708168871790919     
   13683642.946934097       -20909273.509216323        1.2860460728946876     
  -29244881.676613566       -36479824.585707620       0.85802727012247548     
  -25666260.577914804       -92968313.009491235       -1.0250714456572467     
  -29155273.719133317       -105744474.57544971      -0.63090770770058302     
  -26404256.739531003       -114130230.60659763      -0.18681491514163734     
  -19565821.395314343       -87682160.193905920       -1.1295439237250224     
];
