X = [
    0.000000000     0.050000000
    0.000000000     0.075000000
    0.030000000     0.050000000
    0.029704508     0.075055542
    0.000000000     0.100000000
    0.030000000     0.100000000
    0.060000000     0.050000000
    0.060004668     0.074999998
    0.060000000     0.100000000
    0.090000000     0.050000000
    0.090314164     0.074999149
    0.090000000     0.100000000
    0.120000000     0.050000000
    0.120231641     0.074982941
    0.120000000     0.100000000
    0.150000000     0.050000000
    0.150612399     0.071330260
    0.150000000     0.100000000
    0.175000000     0.043301270
    0.188996123     0.062614756
    0.180000000     0.100000000
    0.193301270     0.025000000
    0.212468520     0.030994075
    0.210000000     0.100000000
    0.218252228     0.069952843
    0.240170395     0.037448400
    0.200000000     0.000000000
    0.225000000     0.000000000
    0.250000000     0.000000000
    0.240000000     0.100000000
    0.244888492     0.075716680
    0.253577456     0.055341115
    0.275000000     0.000000000
    0.273714904     0.052854622
    0.272741500     0.026493279
    0.270000000     0.100000000
    0.273033482     0.077063258
    0.300000000     0.000000000
    0.300000000     0.025000000
    0.300000000     0.050000000
    0.300000000     0.075000000
    0.300000000     0.100000000
];

IX = [
    32     31     25     26
    32     34     37     31
    26     35     34     32
    31     30     24     25
    37     36     30     31
    25     20     23     26
    25     24     21     20
    21     18     17     20
    20     19     22     23
    17     16     19     20
    18     15     14     17
    14     13     16     17
    15     12     11     14
    11     10     13     14
    12      9      8     11
     8      7     10     11
     9      6      4      8
     4      3      7      8
     4      2      1      3
     6      5      2      4
    26     29     33     35
    22     27     28     23
    23     28     29     26
    37     41     42     36
    34     40     41     37
    35     39     40     34
    33     38     39     35
];
vect = [
   26171540.710953809       -28655912.999273166       0.62856915966381544     
   36767048.707752332       -17051482.487098690       0.71108000679644634     
   26436245.887015261       -35351951.244978458        1.0032789714364272     
   79820147.847197071       -17992583.893286049       0.27930298399717668     
   42300817.375496969       -12129390.137356326       0.37780213418325354     
  -20679742.376869962       -46415103.199999526       0.57220467519570339     
   90478831.858032167       -33192765.031636566       0.16167705161585419     
   76525397.212626353       -16451723.058675591       -9.2170059447820016E-002
  -49736063.879652426       -132247503.42536829      -0.87668463624338455     
  -36155381.900540113       -115870412.10092264       -1.1107194018714011     
   82038745.544896156       -12347058.919994444      -0.25775133863030092     
   1686038.4777904972       -94167635.228671998       -1.3160750537217631     
   55083742.620599389       -10372070.976421818      -0.29229707026950424     
   3637362.9758826941       -55137625.579335280       -1.2558269017421695     
   29419782.166542195       -10104025.558866294      -0.33604398116822642     
   1785130.4007948320       -30059552.813136190       -1.1515664661266860     
   12047710.892240277       -9055283.3014419992      -0.37749643476494427     
   1299874.5268705571       -13046360.082786605       -1.0188203467366601     
   109191.73045237642       -3771522.1241919328      -0.77250886951515840     
   2382502.6959384689       -7465902.9454133185      -0.27203839019776732     
   15135842.024529878       -25636282.622258905        1.1657214243136271     
  -34799804.694826245       -152250361.30143872      -0.23601210332697370     
  -38872669.369556263       -46129518.739970461       0.99062878084914840     
   9804435.3109581992       -5799793.1559550427       0.44631039500600433     
   25672646.906470396       -6614998.3843053598       0.98477971786036111     
   49598612.337660551       -6674594.4585376941        1.2728889120362026     
   66025723.582590804       -7358750.3333944194        1.4521261494857642     
];
