X = [
    0.000000000     0.075000000
    0.000000000     0.100000000
    0.000000000     0.050000000
    0.025000000     0.100000000
    0.025000000     0.050000000
    0.025063256     0.074999998
    0.050000000     0.100000000
    0.050253023     0.075000387
    0.050000000     0.050000000
    0.075000000     0.100000000
    0.075286410     0.074998952
    0.075000000     0.050000000
    0.100000000     0.100000000
    0.100325090     0.074998364
    0.100000000     0.050000000
    0.125000000     0.100000000
    0.125161183     0.074988853
    0.125000000     0.050000000
    0.150000000     0.100000000
    0.150623039     0.072604297
    0.150000000     0.050000000
    0.175000000     0.100000000
    0.181120453     0.069796736
    0.169134172     0.046193977
    0.200000000     0.100000000
    0.199633838     0.081664943
    0.185355339     0.035355339
    0.215930336     0.075180690
    0.208353781     0.051300969
    0.225000000     0.100000000
    0.196193977     0.019134172
    0.217646153     0.023865826
    0.250000000     0.100000000
    0.244626735     0.074559593
    0.242427713     0.050357156
    0.244759816     0.026085299
    0.200000000     0.000000000
    0.225000000     0.000000000
    0.250000000     0.000000000
    0.275000000     0.100000000
    0.272767600     0.074878173
    0.271909558     0.050293346
    0.272668497     0.025535470
    0.275000000     0.000000000
    0.300000000     0.100000000
    0.300000000     0.075000000
    0.300000000     0.050000000
    0.300000000     0.025000000
    0.300000000     0.000000000
];

IX = [
    28     26     23     29
    29     35     34     28
    35     42     41     34
    35     36     43     42
    29     32     36     35
     4      2      1      6
     6      8      7      4
     1      3      5      6
     6      5      9      8
     9     12     11      8
    11     10      7      8
    12     15     14     11
    14     13     10     11
    15     18     17     14
    17     16     13     14
    18     21     20     17
    20     19     16     17
    23     22     19     20
    26     25     22     23
    28     30     25     26
    34     33     30     28
    41     40     33     34
    41     46     45     40
    42     47     46     41
    43     48     47     42
    43     44     49     48
    36     39     44     43
    32     38     39     36
    23     24     27     29
    29     27     31     32
    32     31     37     38
    20     21     24     23
];
D = [
   -0.000044452
   -0.000685051
   -0.000146026
   -0.000685673
    0.000057121
   -0.000684861
   -0.000145542
   -0.000583793
    0.000056881
   -0.000582981
   -0.000044330
   -0.000582831
   -0.000143970
   -0.000481842
   -0.000044209
   -0.000479867
    0.000055553
   -0.000481029
   -0.000140226
   -0.000381457
   -0.000044079
   -0.000378965
    0.000052050
   -0.000380640
   -0.000133229
   -0.000285327
   -0.000043950
   -0.000282215
    0.000045280
   -0.000284539
   -0.000121807
   -0.000197223
   -0.000043902
   -0.000194111
    0.000034224
   -0.000196655
   -0.000105228
   -0.000122983
   -0.000037537
   -0.000117044
    0.000017548
   -0.000120455
   -0.000085522
   -0.000068706
   -0.000030973
   -0.000050531
    0.000007487
   -0.000073655
   -0.000066617
   -0.000031828
   -0.000045441
   -0.000029804
    0.000004915
   -0.000040638
   -0.000034403
   -0.000014736
   -0.000010127
   -0.000016621
   -0.000052407
   -0.000012830
    0.000006215
   -0.000017800
    0.000004877
   -0.000007294
   -0.000043304
   -0.000000813
   -0.000029188
   -0.000000679
   -0.000012255
   -0.000000538
    0.000000831
   -0.000000083
    0.000006206
    0.000000000
    0.000008118
    0.000000000
    0.000005572
    0.000000000
   -0.000039170
    0.000007836
   -0.000027196
    0.000007632
   -0.000013173
    0.000006291
   -0.000001835
    0.000003762
    0.000002666
    0.000000000
   -0.000038210
    0.000017836
   -0.000026797
    0.000017940
   -0.000014231
    0.000015365
   -0.000004114
    0.000009023
    0.000000000
    0.000000000
];
