X = [
    0.000000000     0.085714286
    0.000000000     0.078571429
    0.000000000     0.092857143
    0.008084716     0.078444626
    0.008072491     0.092747946
    0.008051385     0.085594728
    0.000000000     0.071428571
    0.008070219     0.071372689
    0.000000000     0.100000000
    0.007894737     0.100000000
    0.016143349     0.085445810
    0.016061264     0.078384182
    0.016162198     0.071319106
    0.015789474     0.100000000
    0.015903864     0.092724098
    0.000000000     0.064285714
    0.008064275     0.064322604
    0.016104002     0.064270036
    0.024000354     0.078311797
    0.023881200     0.085385299
    0.023783644     0.092704673
    0.024082194     0.071303110
    0.024130540     0.064295804
    0.023684211     0.100000000
    0.000000000     0.057142857
    0.008044851     0.057171967
    0.016015747     0.057169856
    0.024087128     0.057292617
    0.031969593     0.078280262
    0.032074212     0.071302739
    0.031740085     0.085392967
    0.031635263     0.092511332
    0.031578947     0.100000000
    0.032144418     0.064334153
    0.032021822     0.057327969
    0.000000000     0.050000000
    0.007894737     0.050000000
    0.015789474     0.050000000
    0.023684211     0.050000000
    0.031578947     0.050000000
    0.039892412     0.078277378
    0.040071733     0.071310234
    0.039600667     0.085303682
    0.040109130     0.064346448
    0.039449375     0.092369463
    0.039473684     0.100000000
    0.039943893     0.057343217
    0.039473684     0.050000000
    0.047821710     0.078270800
    0.048004770     0.071330099
    0.047530152     0.085197657
    0.048030631     0.064338503
    0.047386470     0.092118343
    0.047859844     0.057339061
    0.047368421     0.100000000
    0.047368421     0.050000000
    0.055768383     0.078255346
    0.055945482     0.071354201
    0.055445242     0.085159391
    0.055956162     0.064348987
    0.055250597     0.092117838
    0.055767268     0.057336636
    0.055263158     0.100000000
    0.055263158     0.050000000
    0.063692911     0.078251631
    0.063834829     0.071301246
    0.063380847     0.085160238
    0.063867981     0.064346163
    0.063149829     0.092118180
    0.063668793     0.057336348
    0.063157895     0.100000000
    0.063157895     0.050000000
    0.071615934     0.078246630
    0.071724584     0.071291727
    0.071292205     0.085161042
    0.071729638     0.064331295
    0.071046231     0.092119026
    0.071569086     0.057336480
    0.071052632     0.100000000
    0.071052632     0.050000000
    0.079498433     0.078247917
    0.079571028     0.071281625
    0.079230710     0.085297041
    0.079536874     0.064299738
    0.078970876     0.092358022
    0.079464011     0.057335626
    0.078947368     0.100000000
    0.078947368     0.050000000
    0.087320077     0.078236953
    0.087391238     0.071255890
    0.087096578     0.085299589
    0.087416289     0.064276129
    0.086882283     0.092495523
    0.087330754     0.057322124
    0.086842105     0.100000000
    0.086842105     0.050000000
    0.095088970     0.078232050
    0.095212039     0.071189352
    0.094947437     0.085280446
    0.095251936     0.064209755
    0.094803755     0.092648664
    0.095055756     0.057100548
    0.094736842     0.100000000
    0.094736842     0.050000000
    0.102822554     0.078167519
    0.103015078     0.071159293
    0.102779404     0.085412043
    0.103095807     0.064161216
    0.102669538     0.092639695
    0.102939641     0.057085305
    0.102631579     0.100000000
    0.102631579     0.050000000
    0.110764144     0.078243467
    0.110822581     0.071144743
    0.110608649     0.085361160
    0.110947108     0.064196702
    0.110537030     0.092599583
    0.110862237     0.057096436
    0.110526316     0.100000000
    0.110526316     0.050000000
    0.118704337     0.078192166
    0.118868375     0.071154421
    0.118469781     0.085284515
    0.118930174     0.064200364
    0.118393630     0.092555852
    0.118801095     0.057138938
    0.118421053     0.100000000
    0.118421053     0.050000000
    0.126755302     0.078130165
    0.126999353     0.071132862
    0.126524401     0.085248793
    0.127006774     0.064147737
    0.126412670     0.092582714
    0.126767473     0.057162567
    0.126315789     0.100000000
    0.126315789     0.050000000
    0.135000257     0.078067029
    0.135181340     0.071054557
    0.134659218     0.085222960
    0.135185254     0.064095995
    0.134360782     0.092525722
    0.134796406     0.057126340
    0.134210526     0.100000000
    0.134210526     0.050000000
    0.143255392     0.077889069
    0.143532506     0.070833550
    0.142788424     0.085081748
    0.143367424     0.063896733
    0.142296178     0.092463284
    0.142815255     0.056972204
    0.142105263     0.100000000
    0.142105263     0.050000000
    0.151600804     0.077596888
    0.152009657     0.070367865
    0.150941089     0.084950855
    0.151792109     0.063395963
    0.150342343     0.092414984
    0.150977397     0.056635810
    0.150000000     0.100000000
    0.150000000     0.050000000
    0.159895722     0.077140433
    0.160622539     0.069543508
    0.158937866     0.084714817
    0.160527158     0.062341640
    0.158305873     0.092350772
    0.159053878     0.055516747
    0.157894737     0.100000000
    0.157821723     0.049384417
    0.167951438     0.076628641
    0.169329997     0.068433558
    0.166880744     0.084554398
    0.169646306     0.060665681
    0.166082773     0.092304220
    0.167442532     0.053420716
    0.165789474     0.100000000
    0.165450850     0.047552826
    0.177455798     0.068281234
    0.175600492     0.076742034
    0.174672660     0.084570673
    0.179922270     0.058472659
    0.173975991     0.092322686
    0.175562214     0.050192948
    0.173684211     0.100000000
    0.172699525     0.044550326
    0.188282271     0.060542554
    0.184738770     0.069022107
    0.183278048     0.076913727
    0.182357762     0.084715399
    0.181814220     0.092407204
    0.188351879     0.049504993
    0.194323977     0.052713134
    0.183328824     0.044738626
    0.181578947     0.100000000
    0.179389263     0.040450850
    0.194932255     0.062726031
    0.192414401     0.069854475
    0.200200153     0.055410875
    0.190868633     0.077314773
    0.190009919     0.084923085
    0.189567071     0.092502476
    0.189473684     0.100000000
    0.196888426     0.041748145
    0.202650973     0.045510604
    0.190406138     0.038375183
    0.207756749     0.048863193
    0.185355339     0.035355339
    0.204131556     0.058089608
    0.202009259     0.063744271
    0.199853749     0.070603817
    0.198543496     0.077747682
    0.211270111     0.055048108
    0.197427523     0.084883779
    0.197460707     0.092465959
    0.197368421     0.100000000
    0.203831219     0.034135885
    0.195958094     0.031541945
    0.212907563     0.036463571
    0.215986521     0.043367626
    0.190450850     0.029389263
    0.218599801     0.048376925
    0.208903030     0.063603992
    0.207179894     0.070879968
    0.206169488     0.078017578
    0.205487922     0.085135274
    0.217582302     0.057693693
    0.221438154     0.051659133
    0.215647512     0.064138349
    0.205279465     0.092392923
    0.205263158     0.100000000
    0.208306985     0.025928796
    0.216949747     0.026858381
    0.200174226     0.024235914
    0.194550326     0.022699525
    0.225956193     0.026030404
    0.224960772     0.033540505
    0.225625752     0.039618062
    0.227043522     0.044766909
    0.229308317     0.048710080
    0.214457042     0.070929564
    0.213701720     0.077838477
    0.213373472     0.085083121
    0.213165745     0.092431141
