X = [
    0.000000000     0.050000000
    0.000000000     0.075000000
    0.030000000     0.050000000
    0.029704508     0.075055542
    0.000000000     0.100000000
    0.030000000     0.100000000
    0.060000000     0.050000000
    0.060004668     0.074999998
    0.060000000     0.100000000
    0.090000000     0.050000000
    0.090314164     0.074999149
    0.090000000     0.100000000
    0.120000000     0.050000000
    0.120231641     0.074982941
    0.120000000     0.100000000
    0.150000000     0.050000000
    0.150612399     0.071330260
    0.150000000     0.100000000
    0.175000000     0.043301270
    0.188996123     0.062614756
    0.180000000     0.100000000
    0.193301270     0.025000000
    0.212468520     0.030994075
    0.210000000     0.100000000
    0.218252228     0.069952843
    0.240170395     0.037448400
    0.200000000     0.000000000
    0.225000000     0.000000000
    0.250000000     0.000000000
    0.240000000     0.100000000
    0.244888492     0.075716680
    0.253577456     0.055341115
    0.275000000     0.000000000
    0.273714904     0.052854622
    0.272741500     0.026493279
    0.270000000     0.100000000
    0.273033482     0.077063258
    0.300000000     0.000000000
    0.300000000     0.025000000
    0.300000000     0.050000000
    0.300000000     0.075000000
    0.300000000     0.100000000
];

IX = [
    32     31     25     26
    32     34     37     31
    26     35     34     32
    31     30     24     25
    37     36     30     31
    25     20     23     26
    25     24     21     20
    21     18     17     20
    20     19     22     23
    17     16     19     20
    18     15     14     17
    14     13     16     17
    15     12     11     14
    11     10     13     14
    12      9      8     11
     8      7     10     11
     9      6      4      8
     4      3      7      8
     4      2      1      3
     6      5      2      4
    26     29     33     35
    22     27     28     23
    23     28     29     26
    37     41     42     36
    34     40     41     37
    35     39     40     34
    33     38     39     35
];
D = [
    0.000052565
   -0.000643783
   -0.000043196
   -0.000643967
    0.000052155
   -0.000528503
   -0.000043262
   -0.000529710
   -0.000138958
   -0.000644597
   -0.000138256
   -0.000529313
    0.000049932
   -0.000413562
   -0.000042905
   -0.000413277
   -0.000135735
   -0.000414380
    0.000044072
   -0.000302209
   -0.000042728
   -0.000300269
   -0.000129621
   -0.000303055
    0.000032775
   -0.000200151
   -0.000042584
   -0.000197571
   -0.000118066
   -0.000200562
    0.000014107
   -0.000113790
   -0.000033842
   -0.000110014
   -0.000099587
   -0.000115378
    0.000004736
   -0.000059029
   -0.000019839
   -0.000035906
   -0.000077809
   -0.000057726
    0.000005276
   -0.000023560
    0.000002695
   -0.000011026
   -0.000058130
   -0.000021699
   -0.000027681
   -0.000012021
   -0.000003251
   -0.000000629
    0.000005413
    0.000000000
    0.000007917
    0.000000000
    0.000005965
    0.000000000
   -0.000044382
   -0.000004784
   -0.000029628
   -0.000001011
   -0.000015779
    0.000001914
    0.000002728
    0.000000000
   -0.000014282
    0.000006611
   -0.000002475
    0.000003547
   -0.000038404
    0.000005285
   -0.000027959
    0.000007059
    0.000000000
    0.000000000
   -0.000004171
    0.000008702
   -0.000014014
    0.000014748
   -0.000026331
    0.000017151
   -0.000037283
    0.000016738
];
