X = [
    0.000000000     0.050000000
    0.000000000     0.075000000
    0.030000000     0.050000000
    0.029704508     0.075055542
    0.000000000     0.100000000
    0.030000000     0.100000000
    0.060000000     0.050000000
    0.060004668     0.074999998
    0.060000000     0.100000000
    0.090000000     0.050000000
    0.090314164     0.074999149
    0.090000000     0.100000000
    0.120000000     0.050000000
    0.120231641     0.074982941
    0.120000000     0.100000000
    0.150000000     0.050000000
    0.150612399     0.071330260
    0.150000000     0.100000000
    0.175000000     0.043301270
    0.188996123     0.062614756
    0.180000000     0.100000000
    0.193301270     0.025000000
    0.212468520     0.030994075
    0.210000000     0.100000000
    0.218252228     0.069952843
    0.240170395     0.037448400
    0.200000000     0.000000000
    0.225000000     0.000000000
    0.250000000     0.000000000
    0.240000000     0.100000000
    0.244888492     0.075716680
    0.253577456     0.055341115
    0.275000000     0.000000000
    0.273714904     0.052854622
    0.272741500     0.026493279
    0.270000000     0.100000000
    0.273033482     0.077063258
    0.300000000     0.000000000
    0.300000000     0.025000000
    0.300000000     0.050000000
    0.300000000     0.075000000
    0.300000000     0.100000000
];

IX = [
    32     31     25     26
    32     34     37     31
    26     35     34     32
    31     30     24     25
    37     36     30     31
    25     20     23     26
    25     24     21     20
    21     18     17     20
    20     19     22     23
    17     16     19     20
    18     15     14     17
    14     13     16     17
    15     12     11     14
    11     10     13     14
    12      9      8     11
     8      7     10     11
     9      6      4      8
     4      3      7      8
     4      2      1      3
     6      5      2      4
    26     29     33     35
    22     27     28     23
    23     28     29     26
    37     41     42     36
    34     40     41     37
    35     39     40     34
    33     38     39     35
];
plotval = [
        45380823.508677653968334
        46683327.204745247960091
        49409441.642629966139793
        68566509.977468550205231
        39725016.018855258822441
        32330001.780466336756945
        80580223.267445236444473
        61603913.398770995438099
        97529949.613945409655571
        81701840.063336968421936
        66879740.561533354222775
        71347451.830776423215866
        46594812.796260476112366
        43969475.163751244544983
        27894729.337513297796249
        25216865.523376241326332
        14814937.430153939872980
        12140651.398145163431764
         3624618.038618474733084
         6750046.648048997856677
        29331452.523956898599863
       102938137.867385715246201
        32107284.997186787426472
        11543564.763939214870334
        27010049.750258803367615
        40787538.680802673101425
        50514512.805020436644554
];
