X = [
    0.000000000     0.061111111
    0.000000000     0.055555556
    0.000000000     0.066666667
    0.006008729     0.055557847
    0.005982782     0.066549000
    0.006005056     0.061052793
    0.000000000     0.050000000
    0.006000000     0.050000000
    0.000000000     0.072222222
    0.005956254     0.072009077
    0.012000000     0.050000000
    0.012053598     0.055568150
    0.012050151     0.060962548
    0.011913759     0.071816597
    0.011969294     0.066396150
    0.000000000     0.077777778
    0.005982645     0.077526548
    0.011954607     0.077278560
    0.018000000     0.050000000
    0.018112373     0.055602882
    0.018077308     0.060958452
    0.017983238     0.066332578
    0.017932224     0.071697196
    0.017911258     0.077124724
    0.000000000     0.083333333
    0.006005347     0.083111969
    0.011986922     0.082865329
    0.017951205     0.082757757
    0.024000000     0.050000000
    0.024090999     0.055785718
    0.024107343     0.060998124
    0.024030948     0.066264030
    0.023944988     0.071583621
    0.023906806     0.076992577
    0.023880071     0.082609502
    0.000000000     0.088888889
    0.006056863     0.088667046
    0.012040930     0.088522764
    0.018006943     0.088374776
    0.023945853     0.088290484
    0.030000000     0.050000000
    0.030100526     0.055765520
    0.030117933     0.061033875
    0.030036218     0.066278131
    0.029941405     0.071599595
    0.029871394     0.076943335
    0.029862436     0.082566512
    0.029853849     0.088151148
    0.000000000     0.094444444
    0.006070406     0.094284306
    0.012094601     0.094172874
    0.018036277     0.094200830
    0.023997578     0.094116698
    0.029955565     0.094069615
    0.036000000     0.050000000
    0.036112347     0.055700236
    0.036122892     0.061009001
    0.036065093     0.066285330
    0.035943039     0.071588873
    0.035848905     0.076952689
    0.035793435     0.082482446
    0.035817802     0.088232547
    0.035913728     0.094006747
    0.000000000     0.100000000
    0.006000000     0.100000000
    0.012000000     0.100000000
    0.018000000     0.100000000
    0.024000000     0.100000000
    0.030000000     0.100000000
    0.036000000     0.100000000
    0.042000000     0.050000000
    0.042128273     0.055792230
    0.042114919     0.061043604
    0.042036818     0.066332043
    0.041933972     0.071575130
    0.041799850     0.076907139
    0.041768723     0.082548483
    0.041795187     0.088223894
    0.041853375     0.093991740
    0.042000000     0.100000000
    0.048000000     0.050000000
    0.048165195     0.055816416
    0.048103092     0.061092497
    0.048044391     0.066329343
    0.047924995     0.071588592
    0.047771818     0.076861639
    0.047715025     0.082514026
    0.047731369     0.088183258
    0.047844065     0.094032664
    0.048000000     0.100000000
    0.054000000     0.050000000
    0.054163995     0.055960169
    0.054147292     0.061175384
    0.054039129     0.066378678
    0.053944785     0.071554545
    0.053729011     0.076824377
    0.053701718     0.082511445
    0.053709941     0.088200868
    0.053833332     0.094013085
    0.054000000     0.100000000
    0.060000000     0.050000000
    0.060212969     0.056208907
    0.060141210     0.061250525
    0.060101613     0.066346694
    0.059947861     0.071555944
    0.059770240     0.077022294
    0.059653142     0.082460408
    0.059685113     0.088122050
    0.059849447     0.094000092
    0.060000000     0.100000000
    0.066000000     0.050000000
    0.066230086     0.056200488
    0.066181287     0.061280232
    0.066043764     0.066380652
    0.065904699     0.071551198
    0.065746511     0.076988053
    0.065655835     0.082532469
    0.065683138     0.088138449
    0.065847964     0.093994288
    0.066000000     0.100000000
    0.072000000     0.050000000
    0.072241747     0.056190460
    0.072182194     0.061276956
    0.072080506     0.066354365
    0.071877483     0.071555521
    0.071744745     0.077034814
    0.071621349     0.082486818
    0.071657413     0.088060445
    0.071841811     0.093979032
    0.072000000     0.100000000
    0.078000000     0.050000000
    0.078248940     0.056181314
    0.078192832     0.061273016
    0.078047039     0.066370181
    0.077850939     0.071571906
    0.077713517     0.077007122
    0.077648298     0.082517701
    0.077656113     0.088054831
    0.077837913     0.093974739
    0.078000000     0.100000000
    0.084000000     0.050000000
    0.084252842     0.056174141
    0.084189224     0.061273763
    0.084046524     0.066380960
    0.083819193     0.071570877
    0.083687558     0.076951054
    0.083622832     0.082480574
    0.083657651     0.088046045
    0.083837924     0.093972472
    0.084000000     0.100000000
    0.090000000     0.050000000
    0.090254551     0.056169144
    0.090189784     0.061268997
    0.090048945     0.066361087
    0.089839383     0.071555643
    0.089714786     0.077021620
    0.089647971     0.082499496
    0.089653748     0.088047209
    0.089835637     0.093972886
    0.090000000     0.100000000
    0.096000000     0.050000000
    0.096254953     0.056166050
    0.096190730     0.061265751
    0.096049511     0.066370236
    0.095848424     0.071691483
    0.095713922     0.077007506
    0.095623561     0.082475457
    0.095656955     0.088055280
    0.095836471     0.093975940
    0.096000000     0.100000000
    0.102000000     0.050000000
    0.102254701     0.056164398
    0.102194181     0.061266186
    0.102026318     0.066412557
    0.101846491     0.071696273
    0.101681460     0.076987705
    0.101623575     0.082515361
    0.101655665     0.088072701
    0.101821110     0.093989185
    0.102000000     0.100000000
    0.108000000     0.050000000
    0.108254504     0.056163700
    0.108190577     0.061268819
    0.108046178     0.066386884
    0.107817282     0.071710298
    0.107668921     0.077116971
    0.107625130     0.082541934
    0.107646701     0.088044860
    0.107829907     0.093971996
    0.108000000     0.100000000
    0.114000000     0.050000000
    0.114256460     0.056163737
    0.114242595     0.061228005
    0.114014813     0.066386443
    0.113742634     0.071706957
    0.113605664     0.077082424
    0.113597418     0.082478676
    0.113651325     0.088088465
    0.113837934     0.094020770
    0.114000000     0.100000000
    0.120000000     0.050000000
    0.120206459     0.055894180
    0.120153955     0.061190414
    0.119883126     0.066478412
    0.119727110     0.071773541
    0.119627073     0.077046325
    0.119585066     0.082375179
    0.119723337     0.088096419
    0.119879374     0.093924740
    0.120000000     0.100000000
    0.126000000     0.050000000
    0.126190323     0.055730309
    0.126098559     0.061277413
    0.125741281     0.066662183
    0.125759254     0.071835898
    0.125714382     0.076904648
    0.125595097     0.082059733
    0.125741352     0.087959809
    0.125882549     0.093927459
    0.126000000     0.100000000
    0.132000000     0.050000000
    0.132177097     0.055996653
    0.132105667     0.061545464
    0.131689325     0.067099770
    0.132162837     0.071865737
    0.132045395     0.076708511
    0.131951177     0.082205867
    0.131858400     0.087789981
    0.131948083     0.093940484
    0.132000000     0.100000000
    0.138000000     0.050000000
    0.138145199     0.056312385
    0.138347195     0.061743931
    0.138333617     0.067146062
    0.138973979     0.071802580
    0.138665322     0.076451751
    0.138185670     0.081784253
    0.137873534     0.087687606
    0.137887190     0.093826502
    0.138000000     0.100000000
    0.144000000     0.050000000
    0.144302088     0.056068283
