X = [
    0.000000000     0.050000000
    0.000000000     0.075000000
    0.030000000     0.050000000
    0.029704508     0.075055542
    0.000000000     0.100000000
    0.030000000     0.100000000
    0.060000000     0.050000000
    0.060004668     0.074999998
    0.060000000     0.100000000
    0.090000000     0.050000000
    0.090314164     0.074999149
    0.090000000     0.100000000
    0.120000000     0.050000000
    0.120231641     0.074982941
    0.120000000     0.100000000
    0.150000000     0.050000000
    0.150612399     0.071330260
    0.150000000     0.100000000
    0.175000000     0.043301270
    0.188996123     0.062614756
    0.180000000     0.100000000
    0.193301270     0.025000000
    0.212468520     0.030994075
    0.210000000     0.100000000
    0.218252228     0.069952843
    0.240170395     0.037448400
    0.200000000     0.000000000
    0.225000000     0.000000000
    0.250000000     0.000000000
    0.240000000     0.100000000
    0.244888492     0.075716680
    0.253577456     0.055341115
    0.275000000     0.000000000
    0.273714904     0.052854622
    0.272741500     0.026493279
    0.270000000     0.100000000
    0.273033482     0.077063258
    0.300000000     0.000000000
    0.300000000     0.025000000
    0.300000000     0.050000000
    0.300000000     0.075000000
    0.300000000     0.100000000
];

IX = [
    32     31     25     26
    32     34     37     31
    26     35     34     32
    31     30     24     25
    37     36     30     31
    25     20     23     26
    25     24     21     20
    21     18     17     20
    20     19     22     23
    17     16     19     20
    18     15     14     17
    14     13     16     17
    15     12     11     14
    11     10     13     14
    12      9      8     11
     8      7     10     11
     9      6      4      8
     4      3      7      8
     4      2      1      3
     6      5      2      4
    26     29     33     35
    22     27     28     23
    23     28     29     26
    37     41     42     36
    34     40     41     37
    35     39     40     34
    33     38     39     35
];
plotval = [
        47498213.510373771190643
        47639286.443319119513035
        53695515.912635490298271
        90172943.747115880250931
        49493073.988345153629780
        40276062.037747614085674
       110866682.421005576848984
        85940504.141218960285187
       115696188.071150362491608
       102683129.287774056196213
        88857992.659745007753372
        95021873.832643911242485
        60935466.237160913646221
        57043349.496726140379906
        35565055.126739762723446
        30990702.273981999605894
        18336873.470564264804125
        13742482.175186906009912
         3827286.374763241037726
         8899638.182619983330369
        35697891.034997709095478
       138177118.529841542243958
        42963233.036405704915524
        13661195.014826713129878
        29540946.508461948484182
        53250569.762844644486904
        69995815.564217254519463
];
