X = [
    0.000000000     0.070000000
    0.000000000     0.065000000
    0.000000000     0.075000000
    0.005038484     0.065068599
    0.004967454     0.074898744
    0.005038508     0.069948208
    0.000000000     0.060000000
    0.005049863     0.060102428
    0.000000000     0.080000000
    0.004938430     0.079897472
    0.010073095     0.069951012
    0.010129420     0.065072860
    0.010115301     0.060125427
    0.009884518     0.079837608
    0.009945254     0.074868773
    0.000000000     0.055000000
    0.005016641     0.055048413
    0.010055772     0.055124794
    0.000000000     0.085000000
    0.004933970     0.084876909
    0.009857953     0.084801959
    0.015087499     0.070030074
    0.015167893     0.065141262
    0.014927105     0.074936566
    0.015188787     0.060221667
    0.015131495     0.055180775
    0.014808433     0.079844630
    0.014757197     0.084792961
    0.000000000     0.050000000
    0.005000000     0.050000000
    0.010000000     0.050000000
    0.015000000     0.050000000
    0.000000000     0.090000000
    0.004952842     0.089928217
    0.009882835     0.089871640
    0.014802034     0.089812726
    0.019889250     0.074991734
    0.020056013     0.070098018
    0.020174500     0.065171492
    0.020209818     0.060212315
    0.019729095     0.079903188
    0.020140463     0.055168235
    0.020000000     0.050000000
    0.019645849     0.084806078
    0.019705083     0.089833889
    0.000000000     0.095000000
    0.004982578     0.094952514
    0.009938916     0.094924053
    0.014878874     0.094860511
    0.019844340     0.094930041
    0.024850870     0.075098974
    0.025024674     0.070145843
    0.024698422     0.079975416
    0.025162859     0.065209063
    0.025209151     0.060253910
    0.025177275     0.055232105
    0.024564599     0.084864334
    0.025000000     0.050000000
    0.024634716     0.089873619
    0.024792831     0.094927025
    0.000000000     0.100000000
    0.005000000     0.100000000
    0.010000000     0.100000000
    0.015000000     0.100000000
    0.020000000     0.100000000
    0.025000000     0.100000000
    0.029807251     0.075136596
    0.030017467     0.070211613
    0.029619978     0.080009799
    0.030147503     0.065231515
    0.029550119     0.084950520
    0.030232842     0.060279085
    0.030230143     0.055327896
    0.030000000     0.050000000
    0.029573657     0.089883446
    0.029760512     0.094918316
    0.030000000     0.100000000
    0.034751915     0.075152178
    0.034978652     0.070225392
    0.034600670     0.080066450
    0.035144344     0.065243979
    0.034539300     0.084984650
    0.035253036     0.060267334
    0.034562507     0.089925581
    0.035183963     0.055188442
    0.035000000     0.050000000
    0.034737977     0.094911833
    0.035000000     0.100000000
    0.039715848     0.075134988
    0.039929370     0.070199621
    0.039533158     0.080075312
    0.040125267     0.065244976
    0.039465362     0.084979668
    0.040229939     0.060248913
    0.039560755     0.089940566
    0.040209973     0.055180751
    0.039719920     0.094904649
    0.040000000     0.050000000
    0.040000000     0.100000000
    0.044642633     0.075157617
    0.044915499     0.070233744
    0.044450826     0.080048255
    0.045097451     0.065238162
    0.044441990     0.084980612
    0.045225227     0.060243357
    0.044554404     0.089937428
    0.045194646     0.055166452
    0.044710203     0.094903386
    0.045000000     0.050000000
    0.045000000     0.100000000
    0.049601684     0.075144572
    0.049881925     0.070219345
    0.049477583     0.080058225
    0.050075421     0.065236162
    0.049417917     0.084968340
    0.050215147     0.060257645
    0.049511644     0.089903865
    0.050281523     0.055250613
    0.049698921     0.094864650
    0.050000000     0.050000000
    0.050000000     0.100000000
    0.054572459     0.075130491
    0.054854041     0.070208005
    0.054426030     0.080035660
    0.055058735     0.065237892
    0.054412725     0.084950590
    0.055224258     0.060280862
    0.054469123     0.089872328
    0.055330060     0.055301484
    0.054710619     0.094845745
    0.055000000     0.050000000
    0.055000000     0.100000000
    0.059552106     0.075115795
    0.059829932     0.070197735
    0.059415228     0.080022817
    0.060053673     0.065243973
    0.059402502     0.084950916
    0.060230358     0.060284546
    0.059469661     0.089871806
    0.060333781     0.055292734
    0.059713755     0.094846155
    0.060000000     0.050000000
    0.060000000     0.100000000
    0.064540485     0.075100114
    0.064830540     0.070231648
    0.064324013     0.079993959
    0.065080107     0.065270889
    0.064390431     0.084935815
    0.065227132     0.060278900
    0.064468093     0.089865453
    0.065335140     0.055289069
    0.064714176     0.094844642
    0.065000000     0.050000000
    0.065000000     0.100000000
    0.069491708     0.075106712
    0.069820165     0.070216378
    0.069268630     0.079951174
    0.070071472     0.065260843
    0.069336935     0.084900058
    0.070223085     0.060274163
    0.069463496     0.089852089
    0.070335194     0.055288575
    0.069714053     0.094842626
    0.070000000     0.050000000
    0.070000000     0.100000000
    0.074490007     0.075089264
    0.074813422     0.070202483
    0.074266146     0.079935095
    0.075065677     0.065251969
    0.074346696     0.084896948
    0.075219976     0.060270550
    0.074492557     0.089861269
    0.075334687     0.055289643
    0.074722976     0.094851466
    0.075000000     0.050000000
    0.075000000     0.100000000
    0.079489520     0.075075294
    0.079809491     0.070191083
    0.079252257     0.079910214
    0.080062127     0.065244781
    0.079356263     0.084882944
    0.080218039     0.060267915
    0.079487117     0.089849228
    0.080334068     0.055291170
    0.079721341     0.094846339
    0.080000000     0.050000000
    0.080000000     0.100000000
    0.084487314     0.075066656
    0.084806856     0.070182848
    0.084257051     0.079895639
    0.085060127     0.065239510
    0.084317278     0.084849569
    0.085217014     0.060266062
    0.084492598     0.089847879
    0.085333555     0.055292531
    0.084720825     0.094844602
    0.085000000     0.050000000
    0.085000000     0.100000000
    0.089538569     0.075051478
    0.089805025     0.070177509
    0.089253920     0.079900406
    0.090059058     0.065236053
    0.089321364     0.084853444
    0.090216581     0.060264800
    0.089497550     0.089848682
    0.090333214     0.055293467
    0.089719945     0.094845184
    0.090000000     0.050000000
    0.090000000     0.100000000
    0.094535405     0.075049177
    0.094804024     0.070174386
    0.094362176     0.079948850
    0.095058629     0.065233742
    0.094324774     0.084854768
    0.095257623     0.060293135
    0.094500907     0.089849906
    0.095333039     0.055293957
    0.094721195     0.094846417
    0.095000000     0.050000000
    0.095000000     0.100000000
    0.099535136     0.075038898
    0.099804307     0.070171576
    0.099355893     0.079943344
    0.100062784     0.065233101
    0.099328005     0.084853606
    0.100257101     0.060291262
    0.099505103     0.089848365
    0.100332978     0.055294090
    0.099722126     0.094846551
    0.100000000     0.050000000
    0.100000000     0.100000000
    0.104553368     0.075031276
    0.104825574     0.070170327
    0.104313942     0.079910242
    0.105111337     0.065280887
    0.104390477     0.084880672
    0.105275747     0.060299320
    0.104498360     0.089847063
    0.105333125     0.055294040
    0.104722143     0.094846393
    0.105000000     0.050000000
    0.105000000     0.100000000
