X = [
    0.000000000     0.075000000
    0.000000000     0.100000000
    0.000000000     0.050000000
    0.025000000     0.100000000
    0.025000000     0.050000000
    0.025063256     0.074999998
    0.050000000     0.100000000
    0.050253023     0.075000387
    0.050000000     0.050000000
    0.075000000     0.100000000
    0.075286410     0.074998952
    0.075000000     0.050000000
    0.100000000     0.100000000
    0.100325090     0.074998364
    0.100000000     0.050000000
    0.125000000     0.100000000
    0.125161183     0.074988853
    0.125000000     0.050000000
    0.150000000     0.100000000
    0.150623039     0.072604297
    0.150000000     0.050000000
    0.175000000     0.100000000
    0.181120453     0.069796736
    0.169134172     0.046193977
    0.200000000     0.100000000
    0.199633838     0.081664943
    0.185355339     0.035355339
    0.215930336     0.075180690
    0.208353781     0.051300969
    0.225000000     0.100000000
    0.196193977     0.019134172
    0.217646153     0.023865826
    0.250000000     0.100000000
    0.244626735     0.074559593
    0.242427713     0.050357156
    0.244759816     0.026085299
    0.200000000     0.000000000
    0.225000000     0.000000000
    0.250000000     0.000000000
    0.275000000     0.100000000
    0.272767600     0.074878173
    0.271909558     0.050293346
    0.272668497     0.025535470
    0.275000000     0.000000000
    0.300000000     0.100000000
    0.300000000     0.075000000
    0.300000000     0.050000000
    0.300000000     0.025000000
    0.300000000     0.000000000
];

IX = [
    28     26     23     29
    29     35     34     28
    35     42     41     34
    35     36     43     42
    29     32     36     35
     4      2      1      6
     6      8      7      4
     1      3      5      6
     6      5      9      8
     9     12     11      8
    11     10      7      8
    12     15     14     11
    14     13     10     11
    15     18     17     14
    17     16     13     14
    18     21     20     17
    20     19     16     17
    23     22     19     20
    26     25     22     23
    28     30     25     26
    34     33     30     28
    41     40     33     34
    41     46     45     40
    42     47     46     41
    43     48     47     42
    43     44     49     48
    36     39     44     43
    32     38     39     36
    23     24     27     29
    29     27     31     32
    32     31     37     38
    20     21     24     23
];
plotval = [
        31628122.892965350300074
        52729252.822883903980255
        49928805.740280233323574
        45153069.386085629463196
        36548936.915191017091274
         6221079.111079255118966
        12273405.318232676014304
         3096217.774185233749449
         9676557.273345287889242
        19375412.809585403650999
        22097802.910611197352409
        32876867.571152705699205
        35695351.717906065285206
        50605286.004845269024372
        53718286.892616100609303
        74051327.670682117342949
        72479000.126359313726425
        77633865.662513002753258
       109047317.980445832014084
        96905106.314301162958145
        61224294.922732599079609
        37484550.080132558941841
        12064985.068256849423051
        28546719.811612892895937
        43484853.576968811452389
        53369113.690380237996578
        30175401.173179101198912
        33454335.331769604235888
        83160779.269397243857384
        94598703.946419611573219
       103486087.961637333035469
        79720819.722540587186813
];
