X = [
    0.000000000     0.050000000
    0.000000000     0.075000000
    0.030000000     0.050000000
    0.029704508     0.075055542
    0.000000000     0.100000000
    0.030000000     0.100000000
    0.060000000     0.050000000
    0.060004668     0.074999998
    0.060000000     0.100000000
    0.090000000     0.050000000
    0.090314164     0.074999149
    0.090000000     0.100000000
    0.120000000     0.050000000
    0.120231641     0.074982941
    0.120000000     0.100000000
    0.150000000     0.050000000
    0.150612399     0.071330260
    0.150000000     0.100000000
    0.175000000     0.043301270
    0.188996123     0.062614756
    0.180000000     0.100000000
    0.193301270     0.025000000
    0.212468520     0.030994075
    0.210000000     0.100000000
    0.218252228     0.069952843
    0.240170395     0.037448400
    0.200000000     0.000000000
    0.225000000     0.000000000
    0.250000000     0.000000000
    0.240000000     0.100000000
    0.244888492     0.075716680
    0.253577456     0.055341115
    0.275000000     0.000000000
    0.273714904     0.052854622
    0.272741500     0.026493279
    0.270000000     0.100000000
    0.273033482     0.077063258
    0.300000000     0.000000000
    0.300000000     0.025000000
    0.300000000     0.050000000
    0.300000000     0.075000000
    0.300000000     0.100000000
];

IX = [
    32     31     25     26
    32     34     37     31
    26     35     34     32
    31     30     24     25
    37     36     30     31
    25     20     23     26
    25     24     21     20
    21     18     17     20
    20     19     22     23
    17     16     19     20
    18     15     14     17
    14     13     16     17
    15     12     11     14
    11     10     13     14
    12      9      8     11
     8      7     10     11
     9      6      4      8
     4      3      7      8
     4      2      1      3
     6      5      2      4
    26     29     33     35
    22     27     28     23
    23     28     29     26
    37     41     42     36
    34     40     41     37
    35     39     40     34
    33     38     39     35
];
vect = [
   25272446.731076647       -27117980.430971306       0.62856915966380678     
   33941889.103168763       -19296039.910684504       0.71108000679644034     
   25150863.620248262       -31773959.029020552        1.0032789714364196     
   60265090.949406207       -14336043.440790311       0.27930298399717296     
   33210246.321598720       -10797186.087553430       0.37780213418324948     
  -13030110.979778931       -36811774.305892296       0.57220467519567420     
   66149472.033374928       -23594108.105198719       0.16167705161584914     
   55465095.767111465       -10838937.824181046       -9.2170059447827218E-002
  -27001794.414838202       -108185998.44031021      -0.87668463624337434     
  -22375180.994200453       -90558265.978304699       -1.1107194018713900     
   61489048.201239109       -9718080.9941748232      -0.25775133863030536     
   1753779.5079398751       -70454394.237159148       -1.3160750537217523     
   41742013.739367552       -8527629.0894112810      -0.29229707026950363     
   3728924.7363896407       -41986262.670377731       -1.2558269017421533     
   22737666.547991849       -8388818.7822929099      -0.33604398116821227     
   2734382.9476892352       -23738239.596853632       -1.1515664661266731     
   9640775.5110930633       -7417829.3007859569      -0.37749643476493405     
   2178166.8192278948       -10904127.517906468       -1.0188203467366397     
   579418.52676931722       -3300006.8192611258      -0.77250886951526221     
   1853454.0977261350       -5629694.2830491941      -0.27203839019777715     
   12883983.936387444       -20684311.237556972        1.1657214243136087     
  -25622320.034562245       -113329231.84836911      -0.23601210332696898     
  -28202210.174194194       -34942272.421450250       0.99062878084905281     
   8096558.8324831426       -5121681.8030528389       0.44631039500599146     
   22127772.689687122       -7970662.3589373678       0.98477971786035479     
   37618365.030442536       -5731951.7488109916        1.2728889120361990     
   48102096.980111249       -4520916.8521386981        1.4521261494857520     
];
