X = [
    0.000000000     0.075000000
    0.000000000     0.100000000
    0.000000000     0.050000000
    0.025000000     0.100000000
    0.025000000     0.050000000
    0.025063256     0.074999998
    0.050000000     0.100000000
    0.050253023     0.075000387
    0.050000000     0.050000000
    0.075000000     0.100000000
    0.075286410     0.074998952
    0.075000000     0.050000000
    0.100000000     0.100000000
    0.100325090     0.074998364
    0.100000000     0.050000000
    0.125000000     0.100000000
    0.125161183     0.074988853
    0.125000000     0.050000000
    0.150000000     0.100000000
    0.150623039     0.072604297
    0.150000000     0.050000000
    0.175000000     0.100000000
    0.181120453     0.069796736
    0.169134172     0.046193977
    0.200000000     0.100000000
    0.199633838     0.081664943
    0.185355339     0.035355339
    0.215930336     0.075180690
    0.208353781     0.051300969
    0.225000000     0.100000000
    0.196193977     0.019134172
    0.217646153     0.023865826
    0.250000000     0.100000000
    0.244626735     0.074559593
    0.242427713     0.050357156
    0.244759816     0.026085299
    0.200000000     0.000000000
    0.225000000     0.000000000
    0.250000000     0.000000000
    0.275000000     0.100000000
    0.272767600     0.074878173
    0.271909558     0.050293346
    0.272668497     0.025535470
    0.275000000     0.000000000
    0.300000000     0.100000000
    0.300000000     0.075000000
    0.300000000     0.050000000
    0.300000000     0.025000000
    0.300000000     0.000000000
];

IX = [
    28     26     23     29
    29     35     34     28
    35     42     41     34
    35     36     43     42
    29     32     36     35
     4      2      1      6
     6      8      7      4
     1      3      5      6
     6      5      9      8
     9     12     11      8
    11     10      7      8
    12     15     14     11
    14     13     10     11
    15     18     17     14
    17     16     13     14
    18     21     20     17
    20     19     16     17
    23     22     19     20
    26     25     22     23
    28     30     25     26
    34     33     30     28
    41     40     33     34
    41     46     45     40
    42     47     46     41
    43     48     47     42
    43     44     49     48
    36     39     44     43
    32     38     39     36
    23     24     27     29
    29     27     31     32
    32     31     37     38
    20     21     24     23
];
vect = [
   13407848.839781269       -34584069.582997419       0.20530154431139908     
   24666008.658793136       -37488605.070043415       0.67188616707863791     
   34430610.267404385       -23051632.862909950       0.76760312022565758     
   25035925.302818567       -30325953.468044780       0.96954533469203696     
  -23007334.240365341       -50935474.702629730       0.74680225913230280     
   1731923.8741235421       -7283136.9469422195      -0.25050099054649044     
   8911007.4017335530       -8584510.1924421731      -0.38062044952880247     
   74839.360441616736       -3273093.1130373045      -0.70093472065302886     
   1023688.7594087701       -10103017.826467505      -0.96888136297227989     
   1570776.9344040249       -22416287.579539627       -1.1112845305780201     
   21716765.354012504       -9648917.0564053431      -0.35461878390294838     
   2108213.9672426619       -40536620.439995006       -1.2056274065402504     
   40154311.511756174       -10372721.994614119      -0.31000367797510847     
   3604194.8218232803       -64565989.654650524       -1.2818973687597763     
   64681921.920880131       -11054951.514404066      -0.27404768201966412     
  -1628140.7404664829       -98879631.722250223       -1.3000470250455283     
   89571165.310154587       -14295491.920602791      -0.22581945873391185     
   97488319.153725892       -19277133.197315969       -8.2732394816088975E-002
   133289674.54785532       -33330881.184648566        6.9863619880144626E-002
   123557250.56620842       -17321765.404943027       0.16073247947673422     
   72878627.469019711       -13473294.317579113       0.28175920981486952     
   38192397.931817174       -10578482.091599200       0.45722269128289206     
   9903612.8476473615       -5358971.8337499304       0.53877446764263026     
   28500932.425835524       -5670106.4647036381        1.0035953025344322     
   52333538.532286704       -7871102.4227450676        1.2701222756710067     
   69953093.465797007       -7861931.1553284824        1.4708168871790965     
   17749694.854650758       -27476505.226954743        1.2860460728946850     
  -40582611.492066190       -47892954.630283609       0.85802727012239233     
  -42792713.118211292       -116907674.40328118       -1.0250714456572205     
  -50771906.578156345       -130823908.43376774      -0.63090770770056959     
  -34660499.926467605       -154520540.73176920      -0.18681491514163434     
  -31837592.396791592       -112534690.51175563       -1.1295439237249936     
];
