X = [
    0.000000000     0.080000000
    0.000000000     0.070000000
    0.000000000     0.090000000
    0.009937018     0.069897104
    0.009916450     0.089947850
    0.009904739     0.079944643
    0.000000000     0.060000000
    0.010012204     0.059915614
    0.000000000     0.100000000
    0.010000000     0.100000000
    0.019746112     0.079972572
    0.019743362     0.069805552
    0.020000193     0.059853417
    0.020000000     0.100000000
    0.019923676     0.090030755
    0.000000000     0.050000000
    0.010000000     0.050000000
    0.020000000     0.050000000
    0.029705724     0.079979727
    0.029636307     0.069814705
    0.029861394     0.089976886
    0.029975265     0.059852829
    0.030000000     0.050000000
    0.030000000     0.100000000
    0.039692930     0.079937795
    0.039586689     0.069834108
    0.039817969     0.089896811
    0.039954816     0.059876655
    0.040000000     0.100000000
    0.040000000     0.050000000
    0.049658930     0.079908873
    0.049573909     0.069847812
    0.049794878     0.089961338
    0.049941799     0.059895904
    0.050000000     0.100000000
    0.050000000     0.050000000
    0.059629343     0.079903221
    0.059486302     0.069810866
    0.059774647     0.089955460
    0.059937324     0.059906256
    0.060000000     0.100000000
    0.060000000     0.050000000
    0.069610839     0.079903515
    0.069495020     0.069819806
    0.069761714     0.089953797
    0.069938304     0.059911721
    0.070000000     0.100000000
    0.070000000     0.050000000
    0.079601907     0.079905645
    0.079688011     0.069908997
    0.079754840     0.089953647
    0.079943005     0.059915529
    0.080000000     0.100000000
    0.080000000     0.050000000
    0.089601164     0.079908856
    0.089706760     0.069912731
    0.089753502     0.089953439
    0.089954432     0.059920083
    0.090000000     0.100000000
    0.090000000     0.050000000
    0.099740271     0.079926378
    0.099749833     0.069916330
    0.099759996     0.089950971
    0.099984418     0.059927202
    0.100000000     0.100000000
    0.100000000     0.050000000
    0.109822228     0.079921478
    0.109840471     0.069919499
    0.109783584     0.089942363
    0.110058305     0.059939124
    0.110000000     0.100000000
    0.110000000     0.050000000
    0.119963059     0.079889023
    0.120006372     0.069917424
    0.119925702     0.089908279
    0.120097284     0.059971740
    0.120000000     0.100000000
    0.120000000     0.050000000
    0.130458830     0.079752727
    0.130483903     0.069854919
    0.130314447     0.089777363
    0.130297773     0.059945086
    0.130000000     0.100000000
    0.130000000     0.050000000
    0.141162530     0.079413503
    0.141091730     0.069591923
    0.140774272     0.089546750
    0.140636126     0.059864360
    0.140000000     0.100000000
    0.140000000     0.050000000
    0.152145250     0.078631859
    0.152242128     0.068761901
    0.151216120     0.089122471
    0.151245571     0.059383726
    0.150000000     0.100000000
    0.150000000     0.050000000
    0.163490947     0.077278525
    0.164397115     0.066913068
    0.161433545     0.088650201
    0.161873167     0.057343858
    0.160000000     0.100000000
    0.159754516     0.049039264
    0.173984897     0.076621610
    0.171147404     0.088791419
    0.178908333     0.063575786
    0.173375017     0.053629233
    0.170000000     0.100000000
    0.169134172     0.046193977
    0.190125871     0.068024675
    0.182336034     0.078959785
    0.180798176     0.089009791
    0.180000000     0.100000000
    0.192305798     0.053131012
    0.199266195     0.059296582
    0.184630049     0.046626443
    0.177778512     0.041573481
    0.196674355     0.071602196
    0.205598949     0.066055966
    0.192184275     0.080992417
    0.190478029     0.090386476
    0.190000000     0.100000000
    0.212028496     0.053937009
    0.192485082     0.038482144
    0.207379532     0.044141869
    0.215093071     0.061974055
    0.185355339     0.035355339
    0.202524060     0.076066482
    0.209612108     0.073252647
    0.201337422     0.082838177
    0.218430321     0.071530046
    0.200453377     0.091182209
    0.200000000     0.100000000
    0.226842340     0.043629044
    0.225734869     0.052082251
    0.226784237     0.061116892
    0.191573481     0.027778512
    0.198438643     0.029858613
    0.212177783     0.032854048
    0.226505363     0.033908282
    0.228114060     0.070216937
    0.210736976     0.082302919
    0.219939617     0.081085712
    0.210401883     0.091087907
    0.229471935     0.080086073
    0.210000000     0.100000000
    0.237988583     0.041927852
    0.237847459     0.051387826
    0.238168864     0.032154376
    0.238080968     0.060517688
    0.238727878     0.069793691
    0.196193977     0.019134172
    0.203363850     0.020466679
    0.215290844     0.022254720
    0.226795821     0.022635399
    0.238207917     0.021922125
    0.239235476     0.079182926
    0.220269998     0.090631354
    0.229985047     0.090063585
    0.220000000     0.100000000
    0.239743453     0.089660651
    0.249120096     0.041109397
    0.248877392     0.050721309
    0.249328613     0.031292518
    0.249087136     0.060214780
    0.249280881     0.021167506
    0.249296533     0.069657649
    0.249205572     0.079154751
    0.199039264     0.009754516
    0.207131180     0.010578524
    0.218191300     0.011491778
    0.228918989     0.011600826
    0.239309537     0.011138059
    0.249661203     0.010758212
    0.249628813     0.089618380
    0.230000000     0.100000000
    0.240000000     0.100000000
    0.250000000     0.100000000
    0.259729944     0.040634739
    0.259697572     0.050395049
    0.259800651     0.030754861
    0.259641584     0.060084272
    0.259945537     0.020753224
    0.259650179     0.069817953
    0.260014187     0.010529412
    0.259376994     0.079574993
    0.259593950     0.089702755
    0.200000000     0.000000000
    0.210000000     0.000000000
    0.220000000     0.000000000
    0.230000000     0.000000000
    0.240000000     0.000000000
    0.250000000     0.000000000
    0.260000000     0.000000000
    0.260000000     0.100000000
    0.270232291     0.040370130
    0.270205541     0.050233882
    0.270239244     0.030443281
    0.270066917     0.060095311
    0.270269971     0.020512186
    0.269773617     0.069878746
    0.270109617     0.010285888
    0.269557718     0.079709665
    0.270000000     0.000000000
    0.269676394     0.089681631
    0.270000000     0.100000000
    0.280411275     0.040288603
    0.280325674     0.050178941
    0.280344755     0.030349805
    0.280085414     0.060059258
    0.280182193     0.020245231
    0.279898835     0.069950347
    0.280070752     0.010168444
    0.279758727     0.079785815
    0.280000000     0.000000000
    0.279702702     0.089671553
    0.280000000     0.100000000
    0.290240171     0.040122698
    0.290229048     0.050070149
    0.290151829     0.030153765
    0.290082983     0.060026218
    0.290102951     0.020168847
    0.289920882     0.069903160
    0.290071959     0.010072091
    0.289872631     0.079870442
    0.290000000     0.000000000
    0.289797623     0.089783911
    0.290000000     0.100000000
    0.300000000     0.040000000
    0.300000000     0.050000000
    0.300000000     0.030000000
    0.300000000     0.060000000
    0.300000000     0.020000000
    0.300000000     0.070000000
    0.300000000     0.010000000
    0.300000000     0.080000000
    0.300000000     0.000000000
    0.300000000     0.090000000
    0.300000000     0.100000000
];

