X = [
    0.000000000     0.000000000     0.000000000
    1.000000000     0.000000000     0.000000000
    1.000000000     1.000000000     0.000000000
    0.000000000     1.000000000     0.000000000
    2.000000000     0.000000000     0.000000000
    2.000000000     1.000000000     0.000000000
    2.000000000     2.000000000     0.000000000
    1.000000000     2.000000000     0.000000000
    0.000000000     2.000000000     0.000000000
];

IX = [
     1      2      3      4
     2      5      6      3
     3      6      7      8
     4      3      8      9
];
D = [
    0.000000000
    0.000000000
    0.000000000
   -0.000037025
    0.000339027
    0.000800626
    0.000242881
   -0.000001155
   -0.000001039
   -0.000036764
    0.000800146
    0.000339027
    0.000000000
    0.000000000
    0.000000000
    0.000351056
    0.000364875
    0.000339027
    0.000000000
    0.000000000
    0.000000000
    0.000351060
    0.000339027
    0.000364727
    0.000000000
    0.000000000
    0.000000000
];
