X = [
    0.000000000     0.000000000     0.000000000
    1.000000000     0.000000000     0.000000000
    1.000000000     1.000000000     0.000000000
    0.000000000     1.000000000     0.000000000
    2.000000000     0.000000000     0.000000000
    2.000000000     1.000000000     0.000000000
    3.000000000     0.000000000     0.000000000
    3.000000000     1.000000000     0.000000000
    4.000000000     0.000000000     0.000000000
    4.000000000     1.000000000     0.000000000
];

IX = [
     1      2      3      4
     2      5      6      3
     5      7      8      6
     7      9     10      8
];
D = [
    0.000000000
    0.000000000
    0.000000000
    1.066250284
    1.538191537
    0.136691723
    1.066250284
    1.538191537
   -0.136691723
    0.000000000
    0.000000000
    0.000000000
    2.000447048
   -0.000000000
   -0.191532114
    2.000447048
   -0.000000000
    0.191532114
    1.066250284
   -1.538191537
    0.136691723
    1.066250284
   -1.538191537
   -0.136691723
    0.000000000
    0.000000000
    0.000000000
    0.000000000
    0.000000000
    0.000000000
];
