X = [
    0.000000000     0.000000000     0.000000000
    1.000000000     0.000000000     0.000000000
    1.000000000     1.000000000     0.000000000
    0.000000000     1.000000000     0.000000000
    2.000000000     0.000000000     0.000000000
    2.000000000     1.000000000     0.000000000
    3.000000000     0.000000000     0.000000000
    3.000000000     1.000000000     0.000000000
    4.000000000     0.000000000     0.000000000
    4.000000000     1.000000000     0.000000000
];

IX = [
     1      2      3      4
     2      5      6      3
     5      7      8      6
     7      9     10      8
];
D = [
    0.000000000
    0.000000000
    0.000000000
    0.163530669
    0.335270092
    0.081948561
    0.191883190
    0.357998026
   -0.023335623
    0.000000000
    0.000000000
    0.000000000
    0.648160245
    0.603400374
    0.043584631
    0.673216958
    0.587658763
    0.006809284
    1.320564830
    0.722230894
    0.020306354
    1.330663257
    0.707707126
   -0.000223739
    2.058901174
    0.744586338
   -0.000111444
    2.054518694
    0.730105443
   -0.008596399
];
