X = [
    0.000000000     0.000000000     0.000000000
    1.000000000     0.000000000     0.000000000
    1.000000000     1.000000000     0.000000000
    0.000000000     1.000000000     0.000000000
    2.000000000     0.000000000     0.000000000
    2.000000000     1.000000000     0.000000000
    3.000000000     0.000000000     0.000000000
    3.000000000     1.000000000     0.000000000
    4.000000000     0.000000000     0.000000000
    4.000000000     1.000000000     0.000000000
];

IX = [
     1      2      3      4
     2      5      6      3
     5      7      8      6
     7      9     10      8
];
D = [
    0.000000000
    0.000000000
    0.000000000
    0.006608626
    0.009430127
    0.001644101
    0.006887579
    0.009076829
   -0.000985912
    0.000000000
    0.000000000
    0.000000000
    0.012573503
   -0.000000000
   -0.002171715
    0.012102438
   -0.000000000
    0.001085692
    0.006608626
   -0.009430127
    0.001644101
    0.006887579
   -0.009076829
   -0.000985912
    0.000000000
    0.000000000
    0.000000000
    0.000000000
    0.000000000
    0.000000000
];
