X = [
    0.000000000     1.000000000     0.000000000
    0.000000000     0.000000000     0.000000000
    1.000000000     1.000000000     0.000000000
    1.000000000     0.000000000     0.000000000
    2.000000000     1.000000000     0.000000000
    2.000000000     0.000000000     0.000000000
    3.000000000     1.000000000     0.000000000
    3.000000000     0.000000000     0.000000000
    4.000000000     1.000000000     0.000000000
    4.000000000     0.000000000     0.000000000
    5.000000000     1.000000000     0.000000000
    5.000000000     0.000000000     0.000000000
    6.000000000     1.000000000     0.000000000
    6.000000000     0.000000000     0.000000000
    7.000000000     1.000000000     0.000000000
    7.000000000     0.000000000     0.000000000
    8.000000000     1.000000000     0.000000000
    8.000000000     0.000000000     0.000000000
    9.000000000     1.000000000     0.000000000
    9.000000000     0.000000000     0.000000000
   10.000000000     1.000000000     0.000000000
   10.000000000     0.000000000     0.000000000
   11.000000000     1.000000000     0.000000000
   11.000000000     0.000000000     0.000000000
   12.000000000     1.000000000     0.000000000
   12.000000000     0.000000000     0.000000000
   13.000000000     1.000000000     0.000000000
   13.000000000     0.000000000     0.000000000
   14.000000000     1.000000000     0.000000000
   14.000000000     0.000000000     0.000000000
   15.000000000     1.000000000     0.000000000
   15.000000000     0.000000000     0.000000000
   16.000000000     1.000000000     0.000000000
   16.000000000     0.000000000     0.000000000
   17.000000000     1.000000000     0.000000000
   17.000000000     0.000000000     0.000000000
   18.000000000     1.000000000     0.000000000
   18.000000000     0.000000000     0.000000000
   19.000000000     1.000000000     0.000000000
   20.000000000     1.000000000     0.000000000
   19.000000000     0.000000000     0.000000000
   20.000000000     0.000000000     0.000000000
];

IX = [
     2      4      3      1
     4      6      5      3
     6      8      7      5
     8     10      9      7
    10     12     11      9
    12     14     13     11
    14     16     15     13
    16     18     17     15
    18     20     19     17
    20     22     21     19
    22     24     23     21
    24     26     25     23
    26     28     27     25
    28     30     29     27
    30     32     31     29
    32     34     33     31
    34     36     35     33
    36     38     37     35
    38     41     39     37
    41     42     40     39
];
D = [
    0.000000000
    0.000000000
    0.000000000
    0.000000000
    0.000000000
    0.000000000
   -0.140852266
   -0.269238344
    0.031887182
   -0.140852266
   -0.269238344
   -0.031887182
   -0.511677978
   -0.458080556
    0.012739340
   -0.511677978
   -0.458080556
   -0.012739340
   -1.030877135
   -0.568514037
    0.008483524
   -1.030877135
   -0.568514037
   -0.008483524
   -1.626449738
   -0.612178576
    0.001454632
   -1.626449738
   -0.612178576
   -0.001454632
   -2.235995787
   -0.598127614
   -0.003613985
   -2.235995787
   -0.598127614
    0.003613985
   -2.806715281
   -0.536107599
   -0.007990625
   -2.806715281
   -0.536107599
    0.007990625
   -3.295408222
   -0.435679293
   -0.011335447
   -3.295408222
   -0.435679293
    0.011335447
   -3.668474607
   -0.306453207
   -0.013739519
   -3.668474607
   -0.306453207
    0.013739519
   -3.901914439
   -0.158026530
   -0.015178409
   -3.901914439
   -0.158026530
    0.015178409
   -3.981327716
   -0.000000000
   -0.015658779
   -3.981327716
    0.000000000
    0.015658779
   -3.901914439
    0.158026530
   -0.015178409
   -3.901914439
    0.158026530
    0.015178409
   -3.668474607
    0.306453207
   -0.013739519
   -3.668474607
    0.306453207
    0.013739519
   -3.295408222
    0.435679293
   -0.011335447
   -3.295408222
    0.435679293
    0.011335447
   -2.806715281
    0.536107599
   -0.007990625
   -2.806715281
    0.536107599
    0.007990625
   -2.235995787
    0.598127614
   -0.003613985
   -2.235995787
    0.598127614
    0.003613985
   -1.626449738
    0.612178576
    0.001454632
   -1.626449738
    0.612178576
   -0.001454632
   -1.030877135
    0.568514037
    0.008483524
   -1.030877135
    0.568514037
   -0.008483524
   -0.511677978
    0.458080556
    0.012739340
   -0.511677978
    0.458080556
   -0.012739340
   -0.140852266
    0.269238344
    0.031887182
    0.000000000
    0.000000000
    0.000000000
   -0.140852266
    0.269238344
   -0.031887182
    0.000000000
    0.000000000
    0.000000000
];
