X = [
    0.000000000     1.000000000     0.000000000
    0.000000000     0.000000000     0.000000000
    1.000000000     1.000000000     0.000000000
    1.000000000     0.000000000     0.000000000
    2.000000000     1.000000000     0.000000000
    2.000000000     0.000000000     0.000000000
    3.000000000     1.000000000     0.000000000
    3.000000000     0.000000000     0.000000000
    4.000000000     1.000000000     0.000000000
    4.000000000     0.000000000     0.000000000
    5.000000000     1.000000000     0.000000000
    5.000000000     0.000000000     0.000000000
    6.000000000     1.000000000     0.000000000
    6.000000000     0.000000000     0.000000000
    7.000000000     1.000000000     0.000000000
    7.000000000     0.000000000     0.000000000
    8.000000000     1.000000000     0.000000000
    8.000000000     0.000000000     0.000000000
    9.000000000     1.000000000     0.000000000
    9.000000000     0.000000000     0.000000000
   10.000000000     1.000000000     0.000000000
   10.000000000     0.000000000     0.000000000
   11.000000000     1.000000000     0.000000000
   11.000000000     0.000000000     0.000000000
   12.000000000     1.000000000     0.000000000
   12.000000000     0.000000000     0.000000000
   13.000000000     1.000000000     0.000000000
   13.000000000     0.000000000     0.000000000
   14.000000000     1.000000000     0.000000000
   14.000000000     0.000000000     0.000000000
   15.000000000     1.000000000     0.000000000
   15.000000000     0.000000000     0.000000000
   16.000000000     1.000000000     0.000000000
   16.000000000     0.000000000     0.000000000
   17.000000000     1.000000000     0.000000000
   17.000000000     0.000000000     0.000000000
   18.000000000     1.000000000     0.000000000
   18.000000000     0.000000000     0.000000000
   19.000000000     1.000000000     0.000000000
   20.000000000     1.000000000     0.000000000
   19.000000000     0.000000000     0.000000000
   20.000000000     0.000000000     0.000000000
];

IX = [
     2      4      3      1
     4      6      5      3
     6      8      7      5
     8     10      9      7
    10     12     11      9
    12     14     13     11
    14     16     15     13
    16     18     17     15
    18     20     19     17
    20     22     21     19
    22     24     23     21
    24     26     25     23
    26     28     27     25
    28     30     29     27
    30     32     31     29
    32     34     33     31
    34     36     35     33
    36     38     37     35
    38     41     39     37
    41     42     40     39
];
plotval = [
          657806.346736833918840
          477713.854908765526488
          275415.723407338780817
          110136.494806802526000
           34650.041574134294933
          154436.033176083612489
          250483.195531503559323
          322468.134029591514263
          370471.199722918157931
          394470.035313293163199
          394470.035313279542606
          370471.199722874560393
          322468.134029538661707
          250483.195531479577767
          154436.033176067197928
           34650.041574120114092
          110136.494806806556880
          275415.723407334124204
          477713.854908748297021
          657806.346736804232933
];
