X = [
    0.000000000     1.000000000     0.000000000
    0.000000000     0.500000000     0.000000000
    0.000000000     0.000000000     0.000000000
    0.869565217     1.000000000     0.000000000
    0.869565217     0.500000000     0.000000000
    0.869565217     0.000000000     0.000000000
    1.739130430     1.000000000     0.000000000
    1.739130430     0.500000000     0.000000000
    1.739130430     0.000000000     0.000000000
    2.608695650     1.000000000     0.000000000
    2.608695650     0.500000000     0.000000000
    2.608695650     0.000000000     0.000000000
    3.478260870     1.000000000     0.000000000
    3.478260870     0.500000000     0.000000000
    3.478260870     0.000000000     0.000000000
    4.347826090     1.000000000     0.000000000
    4.347826090     0.500000000     0.000000000
    4.347826090     0.000000000     0.000000000
    5.217391300     1.000000000     0.000000000
    5.217391300     0.500000000     0.000000000
    5.217391300     0.000000000     0.000000000
    6.086956520     1.000000000     0.000000000
    6.086956520     0.500000000     0.000000000
    6.086956520     0.000000000     0.000000000
    6.956521740     1.000000000     0.000000000
    6.956521740     0.500000000     0.000000000
    6.956521740     0.000000000     0.000000000
    7.826086960     1.000000000     0.000000000
    7.826086960     0.500000000     0.000000000
    7.826086960     0.000000000     0.000000000
    8.695652170     1.000000000     0.000000000
    8.695652170     0.500000000     0.000000000
    8.695652170     0.000000000     0.000000000
    9.565217390     1.000000000     0.000000000
    9.565217390     0.500000000     0.000000000
    9.565217390     0.000000000     0.000000000
   10.434782600     1.000000000     0.000000000
   10.434782600     0.500000000     0.000000000
   10.434782600     0.000000000     0.000000000
   11.304347800     1.000000000     0.000000000
   11.304347800     0.500000000     0.000000000
   11.304347800     0.000000000     0.000000000
   12.173913000     1.000000000     0.000000000
   12.173913000     0.500000000     0.000000000
   12.173913000     0.000000000     0.000000000
   13.043478300     1.000000000     0.000000000
   13.043478300     0.500000000     0.000000000
   13.043478300     0.000000000     0.000000000
   13.913043500     1.000000000     0.000000000
   13.913043500     0.500000000     0.000000000
   13.913043500     0.000000000     0.000000000
   14.782608700     1.000000000     0.000000000
   14.782608700     0.500000000     0.000000000
   14.782608700     0.000000000     0.000000000
   15.652173900     1.000000000     0.000000000
   15.652173900     0.500000000     0.000000000
   15.652173900     0.000000000     0.000000000
   16.521739100     1.000000000     0.000000000
   16.521739100     0.500000000     0.000000000
   16.521739100     0.000000000     0.000000000
   17.391304300     1.000000000     0.000000000
   17.391304300     0.500000000     0.000000000
   17.391304300     0.000000000     0.000000000
   18.260869600     1.000000000     0.000000000
   19.130434800     1.000000000     0.000000000
   20.000000000     1.000000000     0.000000000
   18.260869600     0.500000000     0.000000000
   18.260869600     0.000000000     0.000000000
   19.130434800     0.500000000     0.000000000
   20.000000000     0.500000000     0.000000000
   19.130434800     0.000000000     0.000000000
   20.000000000     0.000000000     0.000000000
];

IX = [
     3      6      5      2
     6      9      8      5
     9     12     11      8
    12     15     14     11
    15     18     17     14
    18     21     20     17
    21     24     23     20
    24     27     26     23
    27     30     29     26
    30     33     32     29
    33     36     35     32
    36     39     38     35
    39     42     41     38
    42     45     44     41
    45     48     47     44
    48     51     50     47
    51     54     53     50
    54     57     56     53
    57     60     59     56
    60     63     62     59
    63     68     67     62
    68     71     69     67
    71     72     70     69
     2      5      4      1
     5      8      7      4
     8     11     10      7
    11     14     13     10
    14     17     16     13
    17     20     19     16
    20     23     22     19
    23     26     25     22
    26     29     28     25
    29     32     31     28
    32     35     34     31
    35     38     37     34
    38     41     40     37
    41     44     43     40
    44     47     46     43
    47     50     49     46
    50     53     52     49
    53     56     55     52
    56     59     58     55
    59     62     61     58
    62     67     64     61
    67     69     65     64
    69     70     66     65
];
plotval = [
          670402.422108173370361
          516597.571101234469097
          335507.760186829138547
          182617.441443809424527
           46427.388041921069089
           71574.333079125397489
          171365.014323857845739
          253033.469581667915918
          316548.743217348877806
          361917.241979319718666
          389138.499879335693549
          398212.161811472324189
          389138.500333273841534
          361917.243468838627450
          316548.743073372635990
          253033.467130238685058
          171365.013327708962606
           71574.333739864378003
           46427.385063024004921
          182617.434719494020101
          335507.758558263827581
          516597.575895179877989
          670402.423861476709135
          670402.422112096333876
          516597.571104489034042
          335507.760189173102845
          182617.441445367032429
           46427.388042784215941
           71574.333078922762070
          171365.014324257179396
          253033.469582664751215
          316548.743218918272760
          361917.241981476661749
          389138.499882145901211
          398212.161814888764638
          389138.500337050878443
          361917.243472379341256
          316548.743076431739610
          253033.467132722638780
          171365.013329386187252
           71574.333740568239591
           46427.385063416826597
          182617.434721089754021
          335507.758561109250877
          516597.575899401621427
          670402.423866707482375
];
