X = [
    0.000000000     1.000000000     0.000000000
    0.000000000     0.500000000     0.000000000
    0.000000000     0.000000000     0.000000000
    0.800000000     1.000000000     0.000000000
    0.800000000     0.500000000     0.000000000
    0.800000000     0.000000000     0.000000000
    1.600000000     1.000000000     0.000000000
    1.600000000     0.500000000     0.000000000
    1.600000000     0.000000000     0.000000000
    2.400000000     1.000000000     0.000000000
    2.400000000     0.500000000     0.000000000
    2.400000000     0.000000000     0.000000000
    3.200000000     1.000000000     0.000000000
    3.200000000     0.500000000     0.000000000
    3.200000000     0.000000000     0.000000000
    4.000000000     1.000000000     0.000000000
    4.000000000     0.500000000     0.000000000
    4.000000000     0.000000000     0.000000000
    4.800000000     1.000000000     0.000000000
    4.800000000     0.500000000     0.000000000
    4.800000000     0.000000000     0.000000000
    5.600000000     1.000000000     0.000000000
    5.600000000     0.500000000     0.000000000
    5.600000000     0.000000000     0.000000000
    6.400000000     1.000000000     0.000000000
    6.400000000     0.500000000     0.000000000
    6.400000000     0.000000000     0.000000000
    7.200000000     1.000000000     0.000000000
    7.200000000     0.500000000     0.000000000
    7.200000000     0.000000000     0.000000000
    8.000000000     1.000000000     0.000000000
    8.000000000     0.500000000     0.000000000
    8.000000000     0.000000000     0.000000000
    8.800000000     1.000000000     0.000000000
    8.800000000     0.500000000     0.000000000
    8.800000000     0.000000000     0.000000000
    9.600000000     1.000000000     0.000000000
    9.600000000     0.500000000     0.000000000
    9.600000000     0.000000000     0.000000000
   10.400000000     1.000000000     0.000000000
   10.400000000     0.500000000     0.000000000
   10.400000000     0.000000000     0.000000000
   11.200000000     1.000000000     0.000000000
   11.200000000     0.500000000     0.000000000
   11.200000000     0.000000000     0.000000000
   12.000000000     1.000000000     0.000000000
   12.000000000     0.500000000     0.000000000
   12.000000000     0.000000000     0.000000000
   12.800000000     1.000000000     0.000000000
   12.800000000     0.500000000     0.000000000
   12.800000000     0.000000000     0.000000000
   13.600000000     1.000000000     0.000000000
   13.600000000     0.500000000     0.000000000
   13.600000000     0.000000000     0.000000000
   14.400000000     1.000000000     0.000000000
   14.400000000     0.500000000     0.000000000
   14.400000000     0.000000000     0.000000000
   15.200000000     1.000000000     0.000000000
   15.200000000     0.500000000     0.000000000
   15.200000000     0.000000000     0.000000000
   16.000000000     1.000000000     0.000000000
   16.000000000     0.500000000     0.000000000
   16.000000000     0.000000000     0.000000000
   16.800000000     1.000000000     0.000000000
   16.800000000     0.500000000     0.000000000
   16.800000000     0.000000000     0.000000000
   17.600000000     1.000000000     0.000000000
   17.600000000     0.500000000     0.000000000
   17.600000000     0.000000000     0.000000000
   18.400000000     1.000000000     0.000000000
   19.200000000     1.000000000     0.000000000
   20.000000000     1.000000000     0.000000000
   18.400000000     0.500000000     0.000000000
   18.400000000     0.000000000     0.000000000
   19.200000000     0.500000000     0.000000000
   20.000000000     0.500000000     0.000000000
   19.200000000     0.000000000     0.000000000
   20.000000000     0.000000000     0.000000000
];

IX = [
     3      6      5      2
     6      9      8      5
     9     12     11      8
    12     15     14     11
    15     18     17     14
    18     21     20     17
    21     24     23     20
    24     27     26     23
    27     30     29     26
    30     33     32     29
    33     36     35     32
    36     39     38     35
    39     42     41     38
    42     45     44     41
    45     48     47     44
    48     51     50     47
    51     54     53     50
    54     57     56     53
    57     60     59     56
    60     63     62     59
    63     66     65     62
    66     69     68     65
    69     74     73     68
    74     77     75     73
    77     78     76     75
     2      5      4      1
     5      8      7      4
     8     11     10      7
    11     14     13     10
    14     17     16     13
    17     20     19     16
    20     23     22     19
    23     26     25     22
    26     29     28     25
    29     32     31     28
    32     35     34     31
    35     38     37     34
    38     41     40     37
    41     44     43     40
    44     47     46     43
    47     50     49     46
    50     53     52     49
    53     56     55     52
    56     59     58     55
    59     62     61     58
    62     65     64     61
    65     68     67     64
    68     73     70     67
    73     75     71     70
    75     76     72     71
];
plotval = [
          677613.066236651036888
          538071.419388462440111
          368658.585880157188512
          223695.869913720176555
           93201.730069858211209
           22076.186473542707972
          121891.964223807124654
          206374.516100116772577
          275494.915577788080554
          329254.378434501704760
          367654.535590321349446
          390694.469021289667580
          398374.476459144032560
          390694.469020423886832
          367654.535588464757893
          329254.378431325196289
          275494.915573767328169
          206374.516095806990052
          121891.964219784436864
           22076.186470381231629
           93201.730071673984639
          223695.869913894042838
          368658.585878597747069
          538071.419385054614395
          677613.066231720382348
          677613.066233391640708
          538071.419385770801455
          368658.585878262296319
          223695.869912602385739
           93201.730069531913614
           22076.186473120083974
          121891.964222786540631
          206374.516098781954497
          275494.915576281549875
          329254.378432901052292
          367654.535588635364547
          390694.469019517477136
          398374.476457438897341
          390694.469018599134870
          367654.535586637211964
          329254.378429925127421
          275494.915572870173492
          206374.516095399740152
          121891.964219641638920
           22076.186470603759517
           93201.730070915567921
          223695.869912656460656
          368658.585876971657854
          538071.419383016647771
          677613.066229413496330
];
