X = [
    0.000000000     1.000000000     0.000000000
    0.000000000     0.500000000     0.000000000
    0.000000000     0.000000000     0.000000000
    0.588235294     1.000000000     0.000000000
    0.588235294     0.500000000     0.000000000
    0.588235294     0.000000000     0.000000000
    1.176470590     1.000000000     0.000000000
    1.176470590     0.500000000     0.000000000
    1.176470590     0.000000000     0.000000000
    1.764705880     1.000000000     0.000000000
    1.764705880     0.500000000     0.000000000
    1.764705880     0.000000000     0.000000000
    2.352941180     1.000000000     0.000000000
    2.352941180     0.500000000     0.000000000
    2.352941180     0.000000000     0.000000000
    2.941176470     1.000000000     0.000000000
    2.941176470     0.500000000     0.000000000
    2.941176470     0.000000000     0.000000000
    3.529411760     1.000000000     0.000000000
    3.529411760     0.500000000     0.000000000
    3.529411760     0.000000000     0.000000000
    4.117647060     1.000000000     0.000000000
    4.117647060     0.500000000     0.000000000
    4.117647060     0.000000000     0.000000000
    4.705882350     1.000000000     0.000000000
    4.705882350     0.500000000     0.000000000
    4.705882350     0.000000000     0.000000000
    5.294117650     1.000000000     0.000000000
    5.294117650     0.500000000     0.000000000
    5.294117650     0.000000000     0.000000000
    5.882352940     1.000000000     0.000000000
    5.882352940     0.500000000     0.000000000
    5.882352940     0.000000000     0.000000000
    6.470588240     1.000000000     0.000000000
    6.470588240     0.500000000     0.000000000
    6.470588240     0.000000000     0.000000000
    7.058823530     1.000000000     0.000000000
    7.058823530     0.500000000     0.000000000
    7.058823530     0.000000000     0.000000000
    7.647058820     1.000000000     0.000000000
    7.647058820     0.500000000     0.000000000
    7.647058820     0.000000000     0.000000000
    8.235294120     1.000000000     0.000000000
    8.235294120     0.500000000     0.000000000
    8.235294120     0.000000000     0.000000000
    8.823529410     1.000000000     0.000000000
    8.823529410     0.500000000     0.000000000
    8.823529410     0.000000000     0.000000000
    9.411764710     1.000000000     0.000000000
    9.411764710     0.500000000     0.000000000
    9.411764710     0.000000000     0.000000000
   10.000000000     1.000000000     0.000000000
   10.000000000     0.500000000     0.000000000
   10.000000000     0.000000000     0.000000000
   10.588235300     1.000000000     0.000000000
   10.588235300     0.500000000     0.000000000
   10.588235300     0.000000000     0.000000000
   11.176470600     1.000000000     0.000000000
   11.176470600     0.500000000     0.000000000
   11.176470600     0.000000000     0.000000000
   11.764705900     1.000000000     0.000000000
   11.764705900     0.500000000     0.000000000
   11.764705900     0.000000000     0.000000000
   12.352941200     1.000000000     0.000000000
   12.352941200     0.500000000     0.000000000
   12.352941200     0.000000000     0.000000000
   12.941176500     1.000000000     0.000000000
   12.941176500     0.500000000     0.000000000
   12.941176500     0.000000000     0.000000000
   13.529411800     1.000000000     0.000000000
   13.529411800     0.500000000     0.000000000
   13.529411800     0.000000000     0.000000000
   14.117647100     1.000000000     0.000000000
   14.117647100     0.500000000     0.000000000
   14.117647100     0.000000000     0.000000000
   14.705882400     1.000000000     0.000000000
   14.705882400     0.500000000     0.000000000
   14.705882400     0.000000000     0.000000000
   15.294117600     1.000000000     0.000000000
   15.294117600     0.500000000     0.000000000
   15.294117600     0.000000000     0.000000000
   15.882352900     1.000000000     0.000000000
   15.882352900     0.500000000     0.000000000
   15.882352900     0.000000000     0.000000000
   16.470588200     1.000000000     0.000000000
   16.470588200     0.500000000     0.000000000
   16.470588200     0.000000000     0.000000000
   17.058823500     1.000000000     0.000000000
   17.058823500     0.500000000     0.000000000
   17.058823500     0.000000000     0.000000000
   17.647058800     1.000000000     0.000000000
   17.647058800     0.500000000     0.000000000
   17.647058800     0.000000000     0.000000000
   18.235294100     1.000000000     0.000000000
   18.235294100     0.500000000     0.000000000
   18.235294100     0.000000000     0.000000000
   18.823529400     1.000000000     0.000000000
   19.411764700     1.000000000     0.000000000
   20.000000000     1.000000000     0.000000000
   18.823529400     0.500000000     0.000000000
   18.823529400     0.000000000     0.000000000
   19.411764700     0.500000000     0.000000000
   20.000000000     0.500000000     0.000000000
   19.411764700     0.000000000     0.000000000
   20.000000000     0.000000000     0.000000000
];

IX = [
     3      6      5      2
     6      9      8      5
     9     12     11      8
    12     15     14     11
    15     18     17     14
    18     21     20     17
    21     24     23     20
    24     27     26     23
    27     30     29     26
    30     33     32     29
    33     36     35     32
    36     39     38     35
    39     42     41     38
    42     45     44     41
    45     48     47     44
    48     51     50     47
    51     54     53     50
    54     57     56     53
    57     60     59     56
    60     63     62     59
    63     66     65     62
    66     69     68     65
    69     72     71     68
    72     75     74     71
    75     78     77     74
    78     81     80     77
    81     84     83     80
    84     87     86     83
    87     90     89     86
    90     93     92     89
    93     96     95     92
    96    101    100     95
   101    104    102    100
   104    105    103    102
     2      5      4      1
     5      8      7      4
     8     11     10      7
    11     14     13     10
    14     17     16     13
    17     20     19     16
    20     23     22     19
    23     26     25     22
    26     29     28     25
    29     32     31     28
    32     35     34     31
    35     38     37     34
    38     41     40     37
    41     44     43     40
    44     47     46     43
    47     50     49     46
    50     53     52     49
    53     56     55     52
    56     59     58     55
    59     62     61     58
    62     65     64     61
    65     68     67     64
    68     71     70     67
    71     74     73     70
    74     77     76     73
    77     80     79     76
    80     83     82     79
    83     86     85     82
    86     89     88     85
    89     92     91     88
    92     95     94     91
    95    100     97     94
   100    102     98     97
   102    103     99     98
];
