X = [
    0.000000000     1.000000000     0.000000000
    0.000000000     0.666666667     0.000000000
    0.000000000     0.333333333     0.000000000
    0.000000000     0.000000000     0.000000000
    0.400000000     1.000000000     0.000000000
    0.400000000     0.666666667     0.000000000
    0.400000000     0.333333333     0.000000000
    0.400000000     0.000000000     0.000000000
    0.800000000     1.000000000     0.000000000
    0.800000000     0.666666667     0.000000000
    0.800000000     0.333333333     0.000000000
    0.800000000     0.000000000     0.000000000
    1.200000000     1.000000000     0.000000000
    1.200000000     0.666666667     0.000000000
    1.200000000     0.333333333     0.000000000
    1.200000000     0.000000000     0.000000000
    1.600000000     1.000000000     0.000000000
    1.600000000     0.666666667     0.000000000
    1.600000000     0.333333333     0.000000000
    1.600000000     0.000000000     0.000000000
    2.000000000     1.000000000     0.000000000
    2.000000000     0.666666667     0.000000000
    2.000000000     0.333333333     0.000000000
    2.000000000     0.000000000     0.000000000
    2.400000000     1.000000000     0.000000000
    2.400000000     0.666666667     0.000000000
    2.400000000     0.333333333     0.000000000
    2.400000000     0.000000000     0.000000000
    2.800000000     1.000000000     0.000000000
    2.800000000     0.666666667     0.000000000
    2.800000000     0.333333333     0.000000000
    2.800000000     0.000000000     0.000000000
    3.200000000     1.000000000     0.000000000
    3.200000000     0.666666667     0.000000000
    3.200000000     0.333333333     0.000000000
    3.200000000     0.000000000     0.000000000
    3.600000000     1.000000000     0.000000000
    3.600000000     0.666666667     0.000000000
    3.600000000     0.333333333     0.000000000
    3.600000000     0.000000000     0.000000000
    4.000000000     1.000000000     0.000000000
    4.000000000     0.666666667     0.000000000
    4.000000000     0.333333333     0.000000000
    4.000000000     0.000000000     0.000000000
    4.400000000     1.000000000     0.000000000
    4.400000000     0.666666667     0.000000000
    4.400000000     0.333333333     0.000000000
    4.400000000     0.000000000     0.000000000
    4.800000000     1.000000000     0.000000000
    4.800000000     0.666666667     0.000000000
    4.800000000     0.333333333     0.000000000
    4.800000000     0.000000000     0.000000000
    5.200000000     1.000000000     0.000000000
    5.200000000     0.666666667     0.000000000
    5.200000000     0.333333333     0.000000000
    5.200000000     0.000000000     0.000000000
    5.600000000     1.000000000     0.000000000
    5.600000000     0.666666667     0.000000000
    5.600000000     0.333333333     0.000000000
    5.600000000     0.000000000     0.000000000
    6.000000000     1.000000000     0.000000000
    6.000000000     0.666666667     0.000000000
    6.000000000     0.333333333     0.000000000
    6.000000000     0.000000000     0.000000000
    6.400000000     1.000000000     0.000000000
    6.400000000     0.666666667     0.000000000
    6.400000000     0.333333333     0.000000000
    6.400000000     0.000000000     0.000000000
    6.800000000     1.000000000     0.000000000
    6.800000000     0.666666667     0.000000000
    6.800000000     0.333333333     0.000000000
    6.800000000     0.000000000     0.000000000
    7.200000000     1.000000000     0.000000000
    7.200000000     0.666666667     0.000000000
    7.200000000     0.333333333     0.000000000
    7.200000000     0.000000000     0.000000000
    7.600000000     1.000000000     0.000000000
    7.600000000     0.666666667     0.000000000
    7.600000000     0.333333333     0.000000000
    7.600000000     0.000000000     0.000000000
    8.000000000     1.000000000     0.000000000
    8.000000000     0.666666667     0.000000000
    8.000000000     0.333333333     0.000000000
    8.000000000     0.000000000     0.000000000
    8.400000000     1.000000000     0.000000000
    8.400000000     0.666666667     0.000000000
    8.400000000     0.333333333     0.000000000
    8.400000000     0.000000000     0.000000000
    8.800000000     1.000000000     0.000000000
    8.800000000     0.666666667     0.000000000
    8.800000000     0.333333333     0.000000000
    8.800000000     0.000000000     0.000000000
    9.200000000     1.000000000     0.000000000
    9.200000000     0.666666667     0.000000000
    9.200000000     0.333333333     0.000000000
    9.200000000     0.000000000     0.000000000
    9.600000000     1.000000000     0.000000000
    9.600000000     0.666666667     0.000000000
    9.600000000     0.333333333     0.000000000
    9.600000000     0.000000000     0.000000000
   10.000000000     1.000000000     0.000000000
   10.000000000     0.666666667     0.000000000
   10.000000000     0.333333333     0.000000000
   10.000000000     0.000000000     0.000000000
   10.400000000     1.000000000     0.000000000
   10.400000000     0.666666667     0.000000000
   10.400000000     0.333333333     0.000000000
   10.400000000     0.000000000     0.000000000
   10.800000000     1.000000000     0.000000000
   10.800000000     0.666666667     0.000000000
   10.800000000     0.333333333     0.000000000
   10.800000000     0.000000000     0.000000000
   11.200000000     1.000000000     0.000000000
   11.200000000     0.666666667     0.000000000
   11.200000000     0.333333333     0.000000000
   11.200000000     0.000000000     0.000000000
   11.600000000     1.000000000     0.000000000
   11.600000000     0.666666667     0.000000000
   11.600000000     0.333333333     0.000000000
   11.600000000     0.000000000     0.000000000
   12.000000000     1.000000000     0.000000000
   12.000000000     0.666666667     0.000000000
   12.000000000     0.333333333     0.000000000
   12.000000000     0.000000000     0.000000000
   12.400000000     1.000000000     0.000000000
   12.400000000     0.666666667     0.000000000
   12.400000000     0.333333333     0.000000000
   12.400000000     0.000000000     0.000000000
   12.800000000     1.000000000     0.000000000
   12.800000000     0.666666667     0.000000000
   12.800000000     0.333333333     0.000000000
   12.800000000     0.000000000     0.000000000
   13.200000000     1.000000000     0.000000000
   13.200000000     0.666666667     0.000000000
   13.200000000     0.333333333     0.000000000
   13.200000000     0.000000000     0.000000000
   13.600000000     1.000000000     0.000000000
   13.600000000     0.666666667     0.000000000
   13.600000000     0.333333333     0.000000000
   13.600000000     0.000000000     0.000000000
   14.000000000     1.000000000     0.000000000
   14.000000000     0.666666667     0.000000000
   14.000000000     0.333333333     0.000000000
   14.000000000     0.000000000     0.000000000
   14.400000000     1.000000000     0.000000000
   14.400000000     0.666666667     0.000000000
   14.400000000     0.333333333     0.000000000
   14.400000000     0.000000000     0.000000000
   14.800000000     1.000000000     0.000000000
   14.800000000     0.666666667     0.000000000
   14.800000000     0.333333333     0.000000000
   14.800000000     0.000000000     0.000000000
   15.200000000     1.000000000     0.000000000
   15.200000000     0.666666667     0.000000000
   15.200000000     0.333333333     0.000000000
   15.200000000     0.000000000     0.000000000
   15.600000000     1.000000000     0.000000000
   15.600000000     0.666666667     0.000000000
   15.600000000     0.333333333     0.000000000
   15.600000000     0.000000000     0.000000000
   16.000000000     1.000000000     0.000000000
   16.000000000     0.666666667     0.000000000
   16.000000000     0.333333333     0.000000000
