X = [
    0.000000000     0.000000000
    0.000000000     2.000000000
    0.000000000     4.000000000
    2.000000000     0.000000000
    2.000000000     2.000000000
    2.000000000     4.000000000
    4.000000000     0.000000000
    4.000000000     2.000000000
    4.000000000     4.000000000
    6.000000000     0.000000000
    6.000000000     2.000000000
    6.000000000     4.000000000
];

IX = [
     1      4      5      2
     2      5      6      3
     4      7      8      5
     5      8      9      6
     7     10     11      8
     8     11     12      9
];
D = [
    0.000000000
    0.000000000
    0.000000000
    0.000000000
    0.000000000
    0.000000000
   -0.297003963
   -0.092771612
   -0.276827521
    0.000000000
   -0.297003963
    0.092771612
   -0.587918195
   -0.092078017
   -0.587368177
    0.000000000
   -0.587918195
    0.092078017
   -0.887456488
   -0.089787903
   -0.888389660
    0.000000000
   -0.887456488
    0.089787903
];
