X = [
    0.000000000     1.000000000     0.000000000
    0.000000000     0.000000000     0.000000000
    1.000000000     1.000000000     0.000000000
    1.000000000     0.000000000     0.000000000
    2.000000000     1.000000000     0.000000000
    2.000000000     0.000000000     0.000000000
    3.000000000     1.000000000     0.000000000
    3.000000000     0.000000000     0.000000000
    4.000000000     1.000000000     0.000000000
    4.000000000     0.000000000     0.000000000
    5.000000000     1.000000000     0.000000000
    5.000000000     0.000000000     0.000000000
    6.000000000     1.000000000     0.000000000
    6.000000000     0.000000000     0.000000000
    7.000000000     1.000000000     0.000000000
    7.000000000     0.000000000     0.000000000
    8.000000000     1.000000000     0.000000000
    8.000000000     0.000000000     0.000000000
    9.000000000     1.000000000     0.000000000
    9.000000000     0.000000000     0.000000000
   10.000000000     1.000000000     0.000000000
   10.000000000     0.000000000     0.000000000
   11.000000000     1.000000000     0.000000000
   11.000000000     0.000000000     0.000000000
   12.000000000     1.000000000     0.000000000
   12.000000000     0.000000000     0.000000000
   13.000000000     1.000000000     0.000000000
   13.000000000     0.000000000     0.000000000
   14.000000000     1.000000000     0.000000000
   14.000000000     0.000000000     0.000000000
   15.000000000     1.000000000     0.000000000
   15.000000000     0.000000000     0.000000000
   16.000000000     1.000000000     0.000000000
   16.000000000     0.000000000     0.000000000
   17.000000000     1.000000000     0.000000000
   17.000000000     0.000000000     0.000000000
   18.000000000     1.000000000     0.000000000
   18.000000000     0.000000000     0.000000000
   19.000000000     1.000000000     0.000000000
   20.000000000     1.000000000     0.000000000
   19.000000000     0.000000000     0.000000000
   20.000000000     0.000000000     0.000000000
];

IX = [
     2      4      3      1
     4      6      5      3
     6      8      7      5
     8     10      9      7
    10     12     11      9
    12     14     13     11
    14     16     15     13
    16     18     17     15
    18     20     19     17
    20     22     21     19
    22     24     23     21
    24     26     25     23
    26     28     27     25
    28     30     29     27
    30     32     31     29
    32     34     33     31
    34     36     35     33
    36     38     37     35
    38     41     39     37
    41     42     40     39
];
D = [
    0.000000000
    0.000000000
    0.000000000
    0.000000000
    0.000000000
    0.000000000
   -0.009218297
   -0.018438892
    0.002338462
   -0.009218297
   -0.018438892
   -0.002338462
   -0.036676595
   -0.036274215
    0.001590150
   -0.036676595
   -0.036274215
   -0.001590150
   -0.081414892
   -0.053054032
    0.001668937
   -0.081414892
   -0.053054032
   -0.001668937
   -0.142473190
   -0.068899440
    0.001526103
   -0.142473190
   -0.068899440
   -0.001526103
   -0.218891487
   -0.083777991
    0.001442652
   -0.218891487
   -0.083777991
   -0.001442652
   -0.309709785
   -0.097698380
    0.001343289
   -0.309709785
   -0.097698380
   -0.001343289
   -0.413968082
   -0.110658276
    0.001248190
   -0.413968082
   -0.110658276
   -0.001248190
   -0.530706380
   -0.122658303
    0.001151949
   -0.530706380
   -0.122658303
   -0.001151949
   -0.658964677
   -0.133698296
    0.001056014
   -0.658964677
   -0.133698296
   -0.001056014
   -0.797782975
   -0.143778298
    0.000959996
   -0.797782975
   -0.143778298
   -0.000959996
   -0.946201272
   -0.152898297
    0.000864001
   -0.946201272
   -0.152898297
   -0.000864001
   -1.103259570
   -0.161058298
    0.000768000
   -1.103259570
   -0.161058298
   -0.000768000
   -1.267997867
   -0.168258297
    0.000672000
   -1.267997867
   -0.168258297
   -0.000672000
   -1.439456165
   -0.174498298
    0.000576000
   -1.439456165
   -0.174498298
   -0.000576000
   -1.616674462
   -0.179778298
    0.000480000
   -1.616674462
   -0.179778297
   -0.000480000
   -1.798692760
   -0.184098298
    0.000384000
   -1.798692760
   -0.184098297
   -0.000384000
   -1.984551057
   -0.187458298
    0.000288000
   -1.984551057
   -0.187458297
   -0.000288000
   -2.173289355
   -0.189858298
    0.000192000
   -2.173289355
   -0.189858297
   -0.000192000
   -2.363947652
   -0.191298298
    0.000096000
   -2.555565950
   -0.191778298
   -0.000000000
   -2.363947652
   -0.191298297
   -0.000096000
   -2.555565950
   -0.191778297
   -0.000000000
];
