 kmat banded
  8.41   8.41  16.81  16.81   8.41   8.41  16.81  16.81  33.63  33.63  16.81  16.81  16.81  16.81  33.63  33.63  16.81  16.81   8.41   8.41  16.81  16.81   8.41   8.41
  3.04  -0.23   0.00  -0.23  -3.04   0.00   0.00   0.00   0.00   0.00   0.00   0.00   0.00   0.00   0.00   0.00   0.00   0.00  -3.04   0.23   0.00   0.23   3.04   0.00
  0.93  -5.14   0.93  -5.14   0.00   0.00   1.87 -10.27   1.87 -10.27   0.00   0.00   1.87 -10.27   1.87 -10.27   0.00   0.00   0.93  -5.14   0.93  -5.14   0.00   0.00
  0.23   0.00   0.23   3.04   0.00   3.04   0.00   0.00   0.00   3.04   0.00   3.04   0.00   0.00   0.00   3.04   0.00   3.04  -0.23   0.00  -0.23   0.00   0.00   0.00
  0.00   0.00  -4.20  -4.20  -4.20  -4.20   0.00   0.00  -4.20  -4.20  -4.20  -4.20   0.00   0.00  -4.20  -4.20  -4.20  -4.20   0.00   0.00   0.00   0.00   0.00   0.00
  0.00   0.23   3.04   0.00   3.04  -0.23   0.00   0.23   3.04   0.00   3.04  -0.23   0.00   0.23   3.04   0.00   3.04  -0.23   0.00   0.00   0.00   0.00   0.00   0.00
 -5.14   0.93 -10.27   1.87  -5.14   0.93  -5.14   0.93 -10.27   1.87  -5.14   0.93  -5.14   0.93 -10.27   1.87  -5.14   0.93   0.00   0.00   0.00   0.00   0.00   0.00
 -0.23  -3.04   0.00  -3.04   0.23   0.00  -0.23  -3.04   0.00  -3.04   0.23   0.00  -0.23  -3.04   0.00  -3.04   0.23   0.00   0.00   0.00   0.00   0.00   0.00   0.00
 -4.20  -4.20  -4.20  -4.20   0.00   0.00  -4.20  -4.20  -4.20  -4.20   0.00   0.00  -4.20  -4.20  -4.20  -4.20   0.00   0.00   0.00   0.00   0.00   0.00   0.00   0.00
 -3.04   0.00  -3.04   0.00   0.00   0.00  -3.04   0.00  -3.04   0.00   0.00   0.00  -3.04   0.00  -3.04   0.00   0.00   0.00   0.00   0.00   0.00   0.00   0.00   0.00
  0.00   0.00   0.00   0.00   0.00   0.00   0.00   0.00   0.00   0.00   0.00   0.00   0.00   0.00   0.00   0.00   0.00   0.00   0.00   0.00   0.00   0.00   0.00   0.00
  0.00   0.00   0.00   0.00   0.00   0.00   0.00   0.00   0.00   0.00   0.00   0.00   0.00   0.00   0.00   0.00   0.00   0.00   0.00   0.00   0.00   0.00   0.00   0.00
  0.00   0.00   0.00   0.00   0.00   0.00   0.00   0.00   0.00   0.00   0.00   0.00   0.00   0.00   0.00   0.00   0.00   0.00   0.00   0.00   0.00   0.00   0.00   0.00
  0.00   0.00   0.00   0.00   0.00   0.00   0.00   0.00   0.00   0.00   0.00   0.00   0.00   0.00   0.00   0.00   0.00   0.00   0.00   0.00   0.00   0.00   0.00   0.00
  0.00   0.00   0.00   0.00   0.00   0.00   0.00   0.00   0.00   0.00   0.00   0.00   0.00   0.00   0.00   0.00   0.00   0.00   0.00   0.00   0.00   0.00   0.00   0.00
  0.00   0.00   0.00   0.00   0.00   0.00   0.00   0.00   0.00   0.00   0.00   0.00   0.00   0.00   0.00   0.00   0.00   0.00   0.00   0.00   0.00   0.00   0.00   0.00
  0.00   0.00   0.00   0.00   0.00   0.00   0.00   0.00   0.00   0.00   0.00   0.00   0.00   0.00   0.00   0.00   0.00   0.00   0.00   0.00   0.00   0.00   0.00   0.00


 kmat
  8.41   3.04   0.93   0.23   0.00   0.00  -5.14  -0.23  -4.20  -3.04   0.00   0.00   0.00   0.00   0.00   0.00   0.00   0.00   0.00   0.00   0.00   0.00   0.00   0.00
  3.04   8.41  -0.23  -5.14   0.00   0.00   0.23   0.93  -3.04  -4.20   0.00   0.00   0.00   0.00   0.00   0.00   0.00   0.00   0.00   0.00   0.00   0.00   0.00   0.00
  0.93  -0.23  16.81   0.00   0.93   0.23  -4.20   3.04 -10.27   0.00  -4.20  -3.04   0.00   0.00   0.00   0.00   0.00   0.00   0.00   0.00   0.00   0.00   0.00   0.00
  0.23  -5.14   0.00  16.81  -0.23  -5.14   3.04  -4.20   0.00   1.87  -3.04  -4.20   0.00   0.00   0.00   0.00   0.00   0.00   0.00   0.00   0.00   0.00   0.00   0.00
  0.00   0.00   0.93  -0.23   8.41  -3.04   0.00   0.00  -4.20   3.04  -5.14   0.23   0.00   0.00   0.00   0.00   0.00   0.00   0.00   0.00   0.00   0.00   0.00   0.00
  0.00   0.00   0.23  -5.14  -3.04   8.41   0.00   0.00   3.04  -4.20  -0.23   0.93   0.00   0.00   0.00   0.00   0.00   0.00   0.00   0.00   0.00   0.00   0.00   0.00
 -5.14   0.23  -4.20   3.04   0.00   0.00  16.81   0.00   1.87   0.00   0.00   0.00  -5.14  -0.23  -4.20  -3.04   0.00   0.00   0.00   0.00   0.00   0.00   0.00   0.00
 -0.23   0.93   3.04  -4.20   0.00   0.00   0.00  16.81   0.00 -10.27   0.00   0.00   0.23   0.93  -3.04  -4.20   0.00   0.00   0.00   0.00   0.00   0.00   0.00   0.00
 -4.20  -3.04 -10.27   0.00  -4.20   3.04   1.87   0.00  33.63   0.00   1.87   0.00  -4.20   3.04 -10.27   0.00  -4.20  -3.04   0.00   0.00   0.00   0.00   0.00   0.00
 -3.04  -4.20   0.00   1.87   3.04  -4.20   0.00 -10.27   0.00  33.63   0.00 -10.27   3.04  -4.20   0.00   1.87  -3.04  -4.20   0.00   0.00   0.00   0.00   0.00   0.00
  0.00   0.00  -4.20  -3.04  -5.14  -0.23   0.00   0.00   1.87   0.00  16.81   0.00   0.00   0.00  -4.20   3.04  -5.14   0.23   0.00   0.00   0.00   0.00   0.00   0.00
  0.00   0.00  -3.04  -4.20   0.23   0.93   0.00   0.00   0.00 -10.27   0.00  16.81   0.00   0.00   3.04  -4.20  -0.23   0.93   0.00   0.00   0.00   0.00   0.00   0.00
  0.00   0.00   0.00   0.00   0.00   0.00  -5.14   0.23  -4.20   3.04   0.00   0.00  16.81   0.00   1.87   0.00   0.00   0.00  -5.14  -0.23  -4.20  -3.04   0.00   0.00
  0.00   0.00   0.00   0.00   0.00   0.00  -0.23   0.93   3.04  -4.20   0.00   0.00   0.00  16.81   0.00 -10.27   0.00   0.00   0.23   0.93  -3.04  -4.20   0.00   0.00
  0.00   0.00   0.00   0.00   0.00   0.00  -4.20  -3.04 -10.27   0.00  -4.20   3.04   1.87   0.00  33.63   0.00   1.87   0.00  -4.20   3.04 -10.27   0.00  -4.20  -3.04
  0.00   0.00   0.00   0.00   0.00   0.00  -3.04  -4.20   0.00   1.87   3.04  -4.20   0.00 -10.27   0.00  33.63   0.00 -10.27   3.04  -4.20   0.00   1.87  -3.04  -4.20
  0.00   0.00   0.00   0.00   0.00   0.00   0.00   0.00  -4.20  -3.04  -5.14  -0.23   0.00   0.00   1.87   0.00  16.81   0.00   0.00   0.00  -4.20   3.04  -5.14   0.23
  0.00   0.00   0.00   0.00   0.00   0.00   0.00   0.00  -3.04  -4.20   0.23   0.93   0.00   0.00   0.00 -10.27   0.00  16.81   0.00   0.00   3.04  -4.20  -0.23   0.93
  0.00   0.00   0.00   0.00   0.00   0.00   0.00   0.00   0.00   0.00   0.00   0.00  -5.14   0.23  -4.20   3.04   0.00   0.00   8.41  -3.04   0.93  -0.23   0.00   0.00
  0.00   0.00   0.00   0.00   0.00   0.00   0.00   0.00   0.00   0.00   0.00   0.00  -0.23   0.93   3.04  -4.20   0.00   0.00  -3.04   8.41   0.23  -5.14   0.00   0.00
  0.00   0.00   0.00   0.00   0.00   0.00   0.00   0.00   0.00   0.00   0.00   0.00  -4.20  -3.04 -10.27   0.00  -4.20   3.04   0.93   0.23  16.81   0.00   0.93  -0.23
  0.00   0.00   0.00   0.00   0.00   0.00   0.00   0.00   0.00   0.00   0.00   0.00  -3.04  -4.20   0.00   1.87   3.04  -4.20  -0.23  -5.14   0.00  16.81   0.23  -5.14
  0.00   0.00   0.00   0.00   0.00   0.00   0.00   0.00   0.00   0.00   0.00   0.00   0.00   0.00  -4.20  -3.04  -5.14  -0.23   0.00   0.00   0.93   0.23   8.41   3.04
  0.00   0.00   0.00   0.00   0.00   0.00   0.00   0.00   0.00   0.00   0.00   0.00   0.00   0.00  -3.04  -4.20   0.23   0.93   0.00   0.00  -0.23  -5.14   3.04   8.41