X = [
    0.000000000     0.000000000
    0.000000000     0.500000000
    0.000000000     1.000000000
    0.000000000     1.500000000
    0.000000000     2.000000000
    0.833333313     0.000000000
    0.833333313     0.500000000
    0.833333313     1.000000000
    0.833333313     1.500000000
    0.833333313     2.000000000
    1.666666630     0.000000000
    1.666666630     0.500000000
    1.666666630     1.000000000
    1.666666630     1.500000000
    1.666666630     2.000000000
    2.500000000     0.000000000
    2.500000000     0.500000000
    2.500000000     1.000000000
    2.500000000     1.500000000
    2.500000000     2.000000000
    3.333333250     0.000000000
    3.333333250     0.500000000
    3.333333250     1.000000000
    3.333333250     1.500000000
    3.333333250     2.000000000
    4.166666510     0.000000000
    4.166666510     0.500000000
    4.166666510     1.000000000
    4.166666510     1.500000000
    4.166666510     2.000000000
    5.000000000     0.000000000
    5.000000000     0.500000000
    5.000000000     1.000000000
    5.000000000     1.500000000
    5.000000000     2.000000000
];

IX = [
     1      6      7      2
     2      7      8      3
     3      8      9      4
     4      9     10      5
     6     11     12      7
     7     12     13      8
     8     13     14      9
     9     14     15     10
    11     16     17     12
    12     17     18     13
    13     18     19     14
    14     19     20     15
    16     21     22     17
    17     22     23     18
    18     23     24     19
    19     24     25     20
    21     26     27     22
    22     27     28     23
    23     28     29     24
    24     29     30     25
    26     31     32     27
    27     32     33     28
    28     33     34     29
    29     34     35     30
];
plotval = [
              -0.131270287245595
              -0.041597335143765
               0.031080340037518
               0.120187145485436
              -0.084950534019573
              -0.034357818039446
               0.022905142443841
               0.074803072748772
              -0.041674466101288
              -0.018399256722212
               0.006602613421666
               0.031870972535429
               0.001462856244463
              -0.005037623294463
              -0.013589913189863
              -0.026035593492947
               0.073682836070882
               0.041969673660713
              -0.032990791755379
              -0.125861991709027
               0.158462001642343
               0.028619560907423
              -0.011732209705701
              -0.218549626576876
];
