X = [
    0.000000000     0.000000000
    0.000000000     0.500000000
    0.000000000     1.000000000
    0.000000000     1.500000000
    0.000000000     2.000000000
    0.833333313     0.000000000
    0.833333313     0.500000000
    0.833333313     1.000000000
    0.833333313     1.500000000
    0.833333313     2.000000000
    1.666666630     0.000000000
    1.666666630     0.500000000
    1.666666630     1.000000000
    1.666666630     1.500000000
    1.666666630     2.000000000
    2.500000000     0.000000000
    2.500000000     0.500000000
    2.500000000     1.000000000
    2.500000000     1.500000000
    2.500000000     2.000000000
    3.333333250     0.000000000
    3.333333250     0.500000000
    3.333333250     1.000000000
    3.333333250     1.500000000
    3.333333250     2.000000000
    4.166666510     0.000000000
    4.166666510     0.500000000
    4.166666510     1.000000000
    4.166666510     1.500000000
    4.166666510     2.000000000
    5.000000000     0.000000000
    5.000000000     0.500000000
    5.000000000     1.000000000
    5.000000000     1.500000000
    5.000000000     2.000000000
];

IX = [
     1      6      7      2
     2      7      8      3
     3      8      9      4
     4      9     10      5
     6     11     12      7
     7     12     13      8
     8     13     14      9
     9     14     15     10
    11     16     17     12
    12     17     18     13
    13     18     19     14
    14     19     20     15
    16     21     22     17
    17     22     23     18
    18     23     24     19
    19     24     25     20
    21     26     27     22
    22     27     28     23
    23     28     29     24
    24     29     30     25
    26     31     32     27
    27     32     33     28
    28     33     34     29
    29     34     35     30
];
D = [
    0.000000000
    0.000000000
    0.000000000
    0.000000000
    0.000000000
    0.000000000
    0.000000000
    0.000000000
    0.000000000
    0.000000000
   -0.141814942
   -0.137781139
   -0.059126151
   -0.112037095
   -0.004024631
   -0.104665323
    0.051048423
   -0.109932298
    0.132825716
   -0.133350508
   -0.233995207
   -0.337187752
   -0.111300508
   -0.324795979
   -0.008903435
   -0.318739428
    0.093768693
   -0.322133854
    0.217218849
   -0.332299300
   -0.276997111
   -0.590978649
   -0.136950652
   -0.587908735
   -0.013903542
   -0.586628352
    0.110552103
   -0.587043392
    0.253546418
   -0.589615370
   -0.274304913
   -0.842663785
   -0.138423803
   -0.843613419
   -0.016628410
   -0.848701858
    0.101952045
   -0.850831543
    0.240450151
   -0.850295003
   -0.243225116
   -1.076482793
   -0.108101241
   -1.082922099
   -0.011976246
   -1.077667063
    0.069807557
   -1.083606055
    0.167709655
   -1.090528762
   -0.130384837
   -1.337561411
   -0.088889828
   -1.268278760
   -0.007338021
   -1.228969410
    0.055392489
   -1.192523548
    0.000000000
   -1.173830057
];
