X = [
    0.000000000     0.000000000     0.000000000
    1.000000000     0.000000000     0.000000000
    1.000000000     1.000000000     0.000000000
    0.000000000     1.000000000     0.000000000
    2.000000000     0.000000000     0.000000000
    2.000000000     1.000000000     0.000000000
    2.000000000     2.000000000     0.000000000
    1.000000000     2.000000000     0.000000000
    0.000000000     2.000000000     0.000000000
];

IX = [
     1      2      3      4
     2      5      6      3
     3      6      7      8
     4      3      8      9
];
vect = [
   2.7489314243421950     
   2.5527148932224182     
   2.9619248805796352     
   2.7397607742308039     
];
