X = [
    0.000000000     0.000000000     0.000000000
    1.000000000     0.000000000     0.000000000
    1.000000000     1.000000000     0.000000000
    0.000000000     1.000000000     0.000000000
    2.000000000     0.000000000     0.000000000
    2.000000000     1.000000000     0.000000000
    3.000000000     0.000000000     0.000000000
    3.000000000     1.000000000     0.000000000
    4.000000000     0.000000000     0.000000000
    4.000000000     1.000000000     0.000000000
];

IX = [
     1      2      3      4
     2      5      6      3
     5      7      8      6
     7      9     10      8
];
vect = [
  0.69548595178731776     
 -0.29028706345607869     
  0.25275713183957899     
 -0.73484017942281088     
];
