X = [
    0.000000000     0.000000000
    0.000000000     2.000000000
    0.000000000     4.000000000
    2.000000000     0.000000000
    2.000000000     2.000000000
    2.000000000     4.000000000
    4.000000000     0.000000000
    4.000000000     2.000000000
    4.000000000     4.000000000
    6.000000000     0.000000000
    6.000000000     2.000000000
    6.000000000     4.000000000
];

IX = [
     1      4      5      2
     2      5      6      3
     4      7      8      5
     5      8      9      6
     7     10     11      8
     8     11     12      9
];
plotval = [
               0.165542018885857
               0.165542018885857
               0.169041444720089
               0.169041444720089
               0.168874425975601
               0.168874425975601
];
