X = [
    0.000000000     0.000000000
    0.000000000     2.000000000
    0.000000000     4.000000000
    2.000000000     0.000000000
    2.000000000     2.000000000
    2.000000000     4.000000000
    4.000000000     0.000000000
    4.000000000     2.000000000
    4.000000000     4.000000000
    6.000000000     0.000000000
    6.000000000     2.000000000
    6.000000000     4.000000000
];

IX = [
     1      4      5      2
     2      5      6      3
     4      7      8      5
     5      8      9      6
     7     10     11      8
     8     11     12      9
];
vect = [
  -1.6481508826595950E-002 -0.17316628280991897        1.5078757994656651     
  -1.6481508826595964E-002 -0.17316628280991897       -1.5078757994656653     
  -1.0354787104661617E-002 -0.17398081123416526       -1.5529969820219167     
  -1.0354787104661603E-002 -0.17398081123416531        1.5529969820219165     
  -1.0588298354403100E-002 -0.17391943702590279       -1.5692086803519711     
  -1.0588298354403114E-002 -0.17391943702590285        1.5692086803519707     
];
