X = [
    0.000000000     0.000000000     0.000000000
    1.000000000     0.000000000     0.000000000
    1.000000000     1.000000000     0.000000000
    0.000000000     1.000000000     0.000000000
    2.000000000     0.000000000     0.000000000
    2.000000000     1.000000000     0.000000000
    3.000000000     0.000000000     0.000000000
    3.000000000     1.000000000     0.000000000
    4.000000000     0.000000000     0.000000000
    4.000000000     1.000000000     0.000000000
];

IX = [
     1      2      3      4
     2      5      6      3
     5      7      8      6
     7      9     10      8
];
D = [
    0.000000000
    0.000000000
    0.000000000
    0.003536457
    0.005687452
    0.000681520
    0.003625682
    0.005984667
   -0.000548109
    0.004749299
   -0.000115121
   -0.000009208
    0.007695628
    0.000341799
    0.000405393
    0.009577050
    0.004790122
    0.003112046
    0.003821168
   -0.005855845
    0.005264617
    0.009270521
   -0.008382970
    0.006259176
    8.201233874
    0.021061363
    0.005237454
    8.203081946
    0.000330583
   -0.000048208
];
